GCCAGCAGTACGACAG-1
CTCAACCCAGAGGACT-1
CAGATCATCTGGGCCA-1
CAGTTCCGTTCTTGTT-1
TGCAGGCCAACCCTAA-1
CGGTCAGTCGTGCTCT-1
TCCTCTTGTTTGGGAG-1
TTTCAGTAGTTCTACG-1
AAAGTGAGTTAAGAAC-1
TACAGGTTCATCTATC-1
AGGTCATAGGATGGCT-1
CGTCCATCAGCTTCGG-1
TTTAGTCAGTTGTAGA-1
CTTCAATCAGCTGAGA-1
GAACACTAGATGAATC-1
ACAGCCGTCTCTCCGA-1
AGGGTGAGTGTCATCA-1
ATTCCCGGTTCAAGTC-1
TATCTTGTCTCTGGTC-1
GTAAGTCGTCAAAGCG-1
TAGACTGGTAACCAGG-1
GGTAGAGCACTTCCTG-1
CACCGTTCAACACGTT-1
AGCTACACAATCGCCG-1
TTATTGCGTCATCAGT-1
CTAACCCAGCGAAACC-1
GTGGCGTGTCTACGTA-1
GTGTGATCAGGCTCTG-1
GCCAGTGGTTTGGAAA-1
ATGGGTTCATTCACAG-1
TGGGCTGTCTTCCCGA-1
AAGCGAGTCGTCGATA-1
AGCTTCCGTTGTGTTG-1
ATTCTACAGAATAGTC-1
GGGACTCCAATCGCGC-1
TGGTACAAGAGAACCC-1
CGGAATTCAAACTCTG-1
TCACACCTCGAACCAT-1
AGAACAATCTGAGGCC-1
TTACCGCAGCGTTCCG-1
GATTCTTTCGCCAGTG-1
CGCGTGATCATTGCCC-1
GTCACTCCAGCTGGTC-1
AGAAATGGTTCTGAGT-1
AGTGCCGGTCTGTGGC-1
CTGTGGGGTAATGATG-1
TGTTTGTCATGTGGTT-1
TGCTTCGCACGACTAT-1
CATTGTTCATTCTGTT-1
GAGTTTGTCACTGCTC-1
TGGAACTTCGCAGATT-1
GTAGAGGAGGCATTTC-1
AACCACAGTCCATCTC-1
TTTCATGGTGAACGGT-1
TTCTCTCGTCTCAGAT-1
ACACGCGCAGCCATTA-1
ATCAGGTTCGCAGTGC-1
GTAACCAGTAGCCCTG-1
GCTCAAAAGCCGTTGC-1
AACCTGAAGAACAGGA-1
TTGGTTTCAACCAACT-1
GAAGAATCACGTCATA-1
GAGAGGTTCCGCGGAT-1
CTCTGGTTCTGTAAGC-1
TTCTTGATCTGTACAG-1
CCTAACCGTGAGGAAA-1
GGATGTTGTGCAGGAT-1
GACGTTATCGGTGTAT-1
TGGGTTATCTCGACGG-1
CTACATTGTTCGGGTC-1
ACCCAAAGTAGCTTGT-1
TGACTCCCAGGACATG-1
AGACCCGAGTGGTCAG-1
AGTTCCCAGTGGCAGT-1
TTTACGTTCACAATGC-1
GCATCTCAGAGGCGTT-1
GCGAGAACAGATGCGA-1
AGCTACATCACCTGTC-1
GAAGCCCCAGCAGAAC-1
CTGAATGAGGGAGGTG-1
CAAGGGATCTCGTGGG-1
TGACAGTCACCCTTGT-1
CTTGAGACAAGATCCT-1
GTCAAACCAGTCGAGA-1
AAGGAATCACCGTGAC-1
GAACTGTCAGGCGTTC-1
TCACAAGCATGAGATA-1
CCCGGAAGTAGTGTGG-1
ATGTCCCTCATTTGCT-1
GCCAGTGGTATGACAA-1
GTTCCGTCATTGCCGG-1
GTACAACGTGTGTACT-1
CCTTTGGGTGCTGATT-1
CTTCCTTAGATGCTAA-1
CTGATCCTCTAGTGAC-1
GAGTTGTGTACATTGC-1
CCTCCTCCAATTGGTC-1
TTTGACTGTCATGCAT-1
AAACCCATCACTTGGA-1
TCCCATGGTGAGTTTC-1
TGTGAGTCATGTGGTT-1
GCGATCGAGCGCAATG-1
TGCAGATCACACGTGC-1
TCCTCGAGTAGGCAAC-1
TACCTGCAGCATCCCG-1
CCACGAGCATGCCGAC-1
CAGATCATCTATGCCC-1
CACTTCGAGCGTACAG-1
ATATCCTTCGGCTTGG-1
CTGGCAGGTCCTTTGC-1
CATCCGTGTGCCTGAC-1
CATACCCAGTATGGCG-1
TGGGTTACACAGAGCA-1
ATTCCTAGTTTGGCTA-1
AACACACCAATCTGCA-1
TTGCCTGTCGAAATCC-1
ATTCAGGTCCATCACC-1
CTAAGTGGTGAATTGA-1
AGTTCGAAGTATCTGC-1
CCGGACAAGTACAGCG-1
TCAATCTGTCAACACT-1
CCTCCAACAGGAACCA-1
CCTGTTGTCGAGGCAA-1
AGATCCACACACCAGC-1
TTGTTTGTCATTCCTA-1
AGGAATATCAGACCCG-1
GCACGTGCATCGGAAG-1
GCCAGCAGTTCTTGCC-1
ATCGATGTCCATTCAT-1
GTAGAGGCAAGGGTCA-1
TTGTGTTCAGCTACTA-1
GGCAGTCAGCCTCATA-1
TCGCACTTCATTTACC-1
ATGCCTCTCTAGCCAA-1
GTAATGCCAGAGAATT-1
CTGCGAGAGAAGTCCG-1
GAAGAATGTCTCGGAC-1
GATGTTGAGTTGGAGC-1
CTAACCCAGCATCGAG-1
CCTTGTGCAACAGCCC-1
TCTTCCTAGTATCCTG-1
CTTAGGAAGAAAGCGA-1
GGGACTCGTTCTGAGT-1
TTGCTGCCACAGCCAC-1
GTCTGTCCAGAGGTTG-1
ACAGGGATCCGGTAAT-1
TTGGGATGTGCTCGTG-1
GAAGAATCAATCGCGC-1
CGTGATAAGTTTCGAC-1
GTAGTACAGCCTCTCT-1
CATCGGGCATGTGGTT-1
TACTTCATCCTTGGAA-1
ATCCACCTCATCACAG-1
GGGATCCTCCACGTGG-1
TCATCCGCAAACGGCA-1
ATGTCCCAGAAGGTAG-1
CTAGGTAGTGCAGGAT-1
CTAGGTACATCTGCGG-1
TATTTCGCAGTTGTTG-1
CACAGATTCCTCTAGC-1
CCCTCTCAGTTGTAAG-1
GAGACCCTCCCTATTA-1
CTATCCGCATGTGCCG-1
CGGCAGTTCACAGTGT-1
CTTACCGAGGCACAAC-1
CTGAGGCGTTCAGCGC-1
ATCACGAGTCACTCTC-1
CACCGTTCAGCACAAG-1
GCTGCAGGTACTCGTA-1
TCCCATGAGAGTTGTA-1
AAAGGATGTCTGATAC-1
CGAAGTTCAGCCTACG-1
CATTCATAGAAGGGAT-1
ATTCCATGTGAACCGA-1
CTATCCGAGTTTCAGC-1
GTAGCTACAGTCCCGA-1
GGAACCCGTTGAGGAC-1
TGTCCTGCACATGTTG-1
GTAGCTACAAAGTGTA-1
GTTATGGTCTGAGGTT-1
ATGAAAGTCGCGCTGA-1
AACTTCTAGAAATCCA-1
TGCTCGTTCCTTATAC-1
CCTCATGCACTGATTG-1
ATCCCTGAGTGATCGG-1
TCAGGGCGTAGGTAGC-1
GGTAATCTCACAAGGG-1
ATGCGATTCGGCTGGT-1
GAAACCTCATGGGTCC-1
CCGCAAGGTAACATGA-1
GCCCAGACAACGGCTC-1
TAGATCGCAAAGAACT-1
TCACATTCACCCATAA-1
GTGAGGAGTAGTGTGG-1
TCCATCGGTCTTCCGT-1
CTATCCGTCACTCCGT-1
TACCCGTAGTCCCGGT-1
TGGGCGTCAAGAGCTG-1
TCTCCGAGTATCGAAA-1
GTTTGGAGTCTCTCAC-1
GGTGATTTCAAGCGTT-1
AGTTCCCGTCAGTCTA-1
GTTGTCCAGGCGTTGA-1
TGTAAGCCAGAGCGTA-1
GTGTTCCTCTCCCAAC-1
CATTCCGGTCATTGCA-1
AGCGCTGAGCCTATTG-1
CTGCATCTCTATCACT-1
CCTCTAGTCTTGAACG-1
TCGTCCACAACTCGTA-1
AGGTCTACAAGGCTTT-1
CACATGATCTCGACCT-1
TGTTGGAGTAGACAAT-1
CGAAGTTAGCATGCAG-1
TTGGGCGAGGTGAGAA-1
TTCTCTCCATGACAGG-1
GTTGTGACAAGTACCT-1
TTGCCTGGTACCTAAC-1
TGTTCCGGTTATTCCT-1
AAATGGAGTTCAAGGG-1
TGCCGAGGTTTGGGTT-1
AGGATCTAGTACAGCG-1
TGAATGCAGGATTTGA-1
AGGACTTAGCATCCTA-1
TGATGGTTCACCTACC-1
GTCGCGACAAATGCTC-1
AGGCATTAGCACCGAA-1
CATTGTTCATTAAAGG-1
ATCACGACATGTTTGG-1
TCTTAGTAGTGGACGT-1
ACGTCCTTCCAGGACC-1
GGTTGTATCTGGCCAG-1
GGTCACGGTGATGGCA-1
TAGAGTCTCTATACGG-1
CAGCAGCGTAACCCTA-1
GTGGTTAAGGTGATAT-1
CAACAACAGGTCCCGT-1
GCCAGTGCAACCACAT-1
CTCAATTGTCAGGCAA-1
CCGTTCAGTCAAGCCC-1
ACTATCTAGTCTGGTT-1
GATCATGGTAACAGTA-1
ATTCCATAGCACTTTG-1
ATTTCACTCGTGCAGC-1
CATCCACGTCCTATAG-1
GGATGTTGTACAGAGC-1
CGGTCAGGTATGAGCG-1
CCGGTAGGTCAGTCTA-1
CCACCATTCTACGGTA-1
GATAGCTCAGAGGCTA-1
TCTCAGCCATGCCGCA-1
TGCAGGCGTGAACTAA-1
AAGTGAATCCTCACCA-1
GGGTAGAGTCCGACGT-1
CAACCTCAGGATACAT-1
CAGATTGAGCCTTTCC-1
GATTTCTCAGGGACTA-1
TACGTCCCACTGTTCC-1
TTCCACGAGGAACTCG-1
CCCTCTCGTTCGGGTC-1
TAGGAGGGTCTTACTT-1
ACAACCACATACAGAA-1
CTCATGCGTGATGGCA-1
TCCATGCCACCTCTGT-1
CTGATCCGTCGCATTA-1
CATGGATTCCATTCAT-1
CTGTGAAGTCACAGAG-1
CCTTTGGGTACGGGAT-1
CATTCATCACACAGAG-1
TGCAGATTCGTTTACT-1
ATCTCTATCTGAACGT-1
ATTTACCAGTCCGCGT-1
AGGCCACAGGTTATAG-1
CACTTCGCAGAACATA-1
TTGGTTTAGGTCACAG-1
CTGGACGAGGTCGCCT-1
TAGGAGGTCGTTACCC-1
ATCCTATGTGGCGCTT-1
AATCACGGTTGTATGC-1
GTAACCAGTATGACAA-1
GTGGCGTTCTAGCCTC-1
TTACCATGTATCCCTC-1
GGGAAGTGTCATTGCA-1
GACTTCCAGTGATAGT-1
CATGCGGGTCCATAGT-1
GGTCTGGGTACACGTT-1
GTTAGACCAATATCCG-1
AGGTCATCAATGAAAC-1
CCTCAGTTCCCGTTGT-1
AAAGGTAGTATTGACC-1
TTGCCTGTCCTTCACG-1
CATCCACTCACATCAG-1
GAGTCATTCCCTCATG-1
AGGTTGTGTCTGTGCG-1
GAGTTACGTATCGCGC-1
ATCGGCGGTTGCAAGG-1
AGGTAGGTCATTGGTG-1
CACGTGGGTGTTACTG-1
TGCTCGTTCCGCTAGG-1
TACACCCCAACCGATT-1
TCGGGACCAGCGGTCT-1
AGAAGTACAGGTATGG-1
GGGTATTAGAGTGTTA-1
CTAGACACAGATACCT-1
TACAGGTTCGATTTCT-1
CCTCAGTCACTCAGAT-1
GACCAATAGAATGTTG-1
CCACTTGTCCCAGCGA-1
AGAAATGAGGTATAGT-1
ACGTAGTCATATGGCT-1
GGGCGTTCACCGCTAG-1
TCTACCGTCTGTCGTC-1
GTGCACGCATTCACCC-1
GGGTTTATCGTGTCAA-1
CCGTGAGGTGGCTAGA-1
TTGATGGCAGAATTCC-1
CCTAAGATCAGCTTCC-1
TATTGCTTCTATGCCC-1
TGATCTTTCGCATGAT-1
CGATGCGCAAAGGCAC-1
CATACCCAGGGCTGAT-1
TTAATCCGTTAGAGTA-1
CGGTCAGAGTAAGACT-1
AGACACTCACCGTCTT-1
TGGGAGATCGAGGCAA-1
GTCACTCAGGAAGTGA-1
CATTCATGTAGAGATT-1
ATGCCTCAGACGCTCC-1
GAGTCATCAGTCGCTG-1
TGAGCATGTCGACGCT-1
AACCTTTCATCTGCGG-1
GGAGAACTCGCGAAGA-1
CTCCACAGTTCCACAA-1
TGAGCATCACGACGAA-1
ACTATTCGTATGCTAC-1
GAGTTGTAGTAAACAC-1
ACAACCAAGGGTACGT-1
AGCTCAAAGCTACGTT-1
GCCAACGGTTTCGTGA-1
GTTGAACGTCGCGTTG-1
GTTACGAGTCCTGGGT-1
AACAAAGTCATGAGGG-1
CAAGCTACATCGATCA-1
GATTCGACACCGTCGA-1
CTCATGCTCGCGTGCA-1
TACAACGTCAGGAAAT-1
CGGGCATCATGCACTA-1
GTCATTTTCTCAACGA-1
ACCATTTAGCGTACAG-1
TTCACCGCAGACTCTA-1
TCCGGGAAGGTCCAGA-1
TCTCAGCAGGTGCCTC-1
TCTTCCTAGGAGTCTG-1
TCGTGCTAGCTGGCTC-1
AGCGTATCACCTCAGG-1
CGATGGCTCAATCGGT-1
TGCAGATGTGATACAA-1
CCAAGCGTCCTTATGT-1
GATAGCTTCTCTCTTC-1
GGCTTGGCACCATAAC-1
CATTCATGTCCGTACG-1
AGTTCCCCATGACAAA-1
CTCCCTCGTTGTTGTG-1
GAAGGGTAGCACTCCG-1
TACGCTCGTCTTGCTC-1
TTTACGTTCTGAGAAA-1
AGGGTCCTCACGGACC-1
GCTGCAGTCCAATCTT-1
CATACAGTCTGCAGCG-1
GGAGGTACATGGGTTT-1
GCATCTCAGTACTGGG-1
AGTAACCCAGAGTGAC-1
CATACCCCACGGTGTC-1
GAGGGTAAGATCCTAC-1
GCGTTTCTCATGGGAG-1
GGATCTATCTATTCGT-1
TGATTTCGTTCGAGCC-1
AGGTCATGTAATGCGG-1
GGTCACGCAGGCCCTA-1
GGGACTCCATCGCTCT-1
CACTTCGTCCGGGACT-1
GAACGTTGTCGAGCAA-1
TCCTCGACATAACGGG-1
ATTCATCCACTAGGTT-1
AGCTTCCTCGACACCG-1
AGGGTTTGTGTTGCCG-1
CTCATCGTCGGTCATA-1
TCCTCCCAGGTGCAGT-1
TTTACGTCATGAGATA-1
ATTCAGGTCCTTGAAG-1
CACGGGTAGTCTAGCT-1
TATCGCCTCGTGCTCT-1
TTCTTCCAGACTGGGT-1
TACAACGCATATGCGT-1
CTCCAACCAATTCACG-1
CCTATCGTCGCCGATG-1
GTTGCTCGTCATCGCG-1
GTCAAACGTCTCACAA-1
GAAGTAACAGCAGTAG-1
AATCACGGTCCAGTTA-1
AGTGCCGGTATGTGTC-1
TATTTCGAGTAAGGGA-1
TTACGTTGTATTCCTT-1
TTCCACGCATTCAGGT-1
ACAACCAGTTTCACAG-1
CTTTCGGAGGCATGGT-1
CGAGAAGCAGGCACTC-1
GGGTGAAGTAGTACGG-1
GACACGCAGATGGGCT-1
AAAGGTAAGAGGCGGA-1
CTACATTTCGTGCAGC-1
CAAGCTACATGACTTG-1
CCTGCATGTGCCGTAC-1
ACGATCAAGCGACTGA-1
ACCTGAAGTGTGTACT-1
TTGGATGAGTTATGGA-1
AGAGCAGGTAATTAGG-1
CAAGACTGTTCTCTAT-1
CTTCTAAGTGTGAATA-1
GTAGGTTGTCGGTGTC-1
TAGCACATCGAGTCCG-1
CCACACTAGGTAGTCG-1
ATTACTCTCTTAGCTT-1
AGTCTCCAGCATGTTC-1
GAACTGTAGAATTTGG-1
TGCAGTACACGACAAG-1
GTCTAGACACAGGATG-1
ACATCGAGTTCTTGTT-1
TTTGGTTGTACGCTTA-1
GCGGATCCATAATGAG-1
GGGTCTGGTGCCCACA-1
ACTTCGCCAACAGAGC-1
CTCAATTAGAAGTCCG-1
TCTGGCTGTGTGATGG-1
CGAGTTATCACGACTA-1
TACCTCGCAGCGATTT-1
GACGTTAAGATACATG-1
ATCACGAAGAGGACTC-1
TCGCTCATCCGTCAAA-1
TCCCATGAGTAGTCAA-1
GAGCTGCCACTATGTG-1
CAATTTCGTTGTGTTG-1
TTGATGGTCGCAGTCG-1
CCTCTAGAGGGTCACA-1
TCAAGTGTCGATGCAT-1
CATTTCAGTCTACAAC-1
AGGTCATAGCACTAGG-1
AGGATCTCACTTCAAG-1
CAGCCAGAGCTGGAGT-1
CAACAACTCTGGGCCA-1
ATTCAGGTCATTCGTT-1
CCTCCAAGTTGTTGCA-1
AAGAACATCGCGTCGA-1
ACACAGTCATGGGTCC-1
CACGAATAGAGAACCC-1
TCTTGCGTCTTGCGCT-1
GTGTGGCGTGTTGCCG-1
ATTACTCGTGATACTC-1
AGGTTGTAGGTTTACC-1
GGCTTGGGTGCCCACA-1
CATTCTAGTTCACCGG-1
TAAGTCGTCCTTCGAC-1
CCGGTAGGTATCCTCC-1
AGAGCCCAGCCTGACC-1
GGCAGTCTCCACTTTA-1
TACAGGTTCCTTATGT-1
TGCAGGCTCGAACCTA-1
CGAGTTAAGGGAGTTC-1
TCAAGACAGCTGCCTG-1
CAATGACAGTAGAATC-1
GACTCAACAGCGTATT-1
ATGACCACACAGTATC-1
ATTTCACTCGTAGTCA-1
GTCATGAAGCTAAATG-1
TATCTTGAGGTAGATT-1
GTGGCGTAGCTACTGT-1
AGATGCTGTCAACCTA-1
CGTAAGTAGCGTTAGG-1
CGGAATTGTTGTTTGG-1
CTCAGGGCATTGAGGG-1
CCACCATTCTTCTCAA-1
CCAATGACATTACTCT-1
TCGAACAAGAAGTCCG-1
CGTAGTATCAAGCCCG-1
GTCTACCCACATGAAA-1
AGGTCTAAGCACTCCG-1
GAATCGTGTCTGATAC-1
TAGAGTCGTTCGTAAC-1
GGTGTTACAGTCTTCC-1
CTTACCGTCTCACTCG-1
CTAAGTGTCTACTTCA-1
TGATTCTTCAACTTTC-1
ACCCTTGTCAAGTCTG-1
TGGAGAGCACACGCCA-1
CGCGTGAGTGGCTTAT-1
ATGCGATGTATCGAAA-1
CTTCAATTCACATCAG-1
GACCCAGAGCTCGTGC-1
TTAGGCAAGAACGCGT-1
CGCATGGCAGAGTAAT-1
AAACCCAGTGTGGTCC-1
TCGAACAGTTCGAAGG-1
GAGAAATCAATTCTCT-1
ACCTGTCAGACGGATC-1
CGAGGAAGTTGACGGA-1
TTCTAGTTCGTACCTC-1
AGACACTTCCGTCACT-1
TCAGTTTGTCAGCTTA-1
TCAGCAACATCGTGCG-1
TGTACAGCAAGCGATG-1
TCAGTGATCCATCGTC-1
TCAAGACAGGTAAGGA-1
GTTGTCCAGACGGTTG-1
TCGGGCAAGACCCGCT-1
AGTCAACTCTCCGCAT-1
AAGACTCTCTCGGTAA-1
CTCAAGAGTATGTGTC-1
TCAAGCAGTATCAGCT-1
GCTTGGGGTCGCATTA-1
GACCAATCATCTCGTC-1
GCAACATGTAAGGTCG-1
TCATTTGAGCTGCGAA-1
CTCCAACCAATAGAGT-1
GGAATGGCAGTTGTTG-1
AGCGCTGAGGCGCTTC-1
ATTCCATTCTATTGTC-1
TTCCTAAGTAGCTAAA-1
TGCGACGTCTAATTCC-1
AACGGGAAGATTAGCA-1
CTTAGGACAGTCCCGA-1
ATACCGACAGTTTCGA-1
TATCCTATCGATGGAG-1
AGGTAGGGTACGGGAT-1
CGTTCTGTCCGGACGT-1
CTCCTCCCACCTGAAT-1
TGAGGGAAGCTGTTAC-1
ATGTCTTGTCTTTCTA-1
GTCACGGTCTTCCAGC-1
GGGTAGATCATTGCCC-1
ACAGGGAGTTCACCGG-1
GGGATGAAGAGAGTGA-1
TCATCATTCCGAAATC-1
CAGTTCCGTCTTACTT-1
CTGCGAGGTCTGTAGT-1
ACCTACCCACATAACC-1
GGGTATTAGGTGAGCT-1
TGTTCCGCACCCGTAG-1
ATTCTTGCAATATCCG-1
AACGGGACAACAACAA-1
CACGAATTCCGCGGAT-1
CGAGTGCTCGGTTCAA-1
CTTGAGACAATGGCAG-1
ATCGTGAGTAGGAGTC-1
TATCTGTAGCGTGAGT-1
CGTAGTAGTATCTCGA-1
AGCGCCAGTACTGCCG-1
ATGGGTTGTTGTCTAG-1
GTTGTGATCTATCACT-1
CGGGACTTCATAGCAC-1
CCTCAGTCAATTTCTC-1
CGTAGTACATCGGCCA-1
GACCCAGTCCTGGGAC-1
CTGCATCCACACAGCC-1
AGGACTTTCGAGTCCG-1
AAAGTGAAGTGATTCC-1
TAAGCGTGTCCTCATC-1
GTCATGACAGCTGAGA-1
ACTGATGGTCAAATCC-1
AGTACTGAGGCGTTGA-1
TCAAGACCAACCTATG-1
AGTGCCGCAACTGGTT-1
GGTGGCTCAGCGGTCT-1
TGAGTCAAGTAGAATC-1
CGACAGCAGTGCACTT-1
CCACCATCACCCTAGG-1
ACCGTTCGTTCTTCAT-1
TCACACCGTTCGGTAT-1
TAGATCGTCTAACGCA-1
GATTCGACATTGCCGG-1
GTGCGTGAGCCATTGT-1
TGAATCGGTCCTTGTC-1
TTTCACAAGCCTCTCT-1
CAGGGCTTCCATCGTC-1
TAGGTTGGTTACGGAG-1
TACATTCTCTAGACAC-1
TGTTCCGCAGTCGAGA-1
ATCAGGTAGCCATATC-1
TTCCACGAGCACACAG-1
AGGATCTTCAGACCTA-1
CGGTCAGAGTATAACG-1
AACAACCTCCATACAG-1
CATACAGGTTACGCCG-1
AGAGCAGTCTCAGGCG-1
CACTGGGGTAAGCAAT-1
TCATTCAGTGCGAGTA-1
TCACTATAGGTTAGTA-1
GCTTTCGCAAGGCGTA-1
CTGCTCACATTAAAGG-1
TGGAGAGGTGACACAG-1
TTACTGTAGGTTTGAA-1
AAATGGACAATCGTCA-1
TCATGGAGTTGCCAAT-1
AGAAATGAGTGCACCC-1
AGGGAGTCAACTGAAA-1
GGTAGAGTCAGACATC-1
GCGATCGAGGTGCTGA-1
CCCGAAGAGAAATCCA-1
CCGGGTAGTACAGTAA-1
TGCACGGGTCTTCTAT-1
GTAGATCGTGCATACT-1
CCCGAAGCAGCGTTTA-1
GCTTTCGTCTGCCTCA-1
ATACCTTAGAATTGTG-1
ATCACTTCACTCAAGT-1
GTACAACCAAATGCTC-1
AGTCACATCGTCGCTT-1
CTGCCATGTGGAACCA-1
GTTCCGTAGGATATGT-1
CATTCATGTGCGGCTT-1
GGGTATTCAAATACGA-1
CAGCCAGGTCGTGTTA-1
GCCGTGATCTCCGAGG-1
TGAGGAGGTCTCGGGT-1
CTTGAGAGTCAGTCTA-1
TTACCATTCCCTCAAC-1
GAGGGTATCTCGTCAC-1
CTAAGTGGTCTGTCCT-1
TTCCACGGTGTTTGCA-1
CAACCAAGTAACCCGC-1
GTAACACCAGCTCGGT-1
AACCATGGTGCAACGA-1
AAGCGAGGTCCAGAAG-1
TCCAGAACACTGCTTC-1
AACCATGCAACCCTAA-1
GTGGAGACATAGAAAC-1
AACAAAGTCTCTATAC-1
ATCACAGGTTAAGAAC-1
TTCGCTGTCAGCCTCT-1
AACCACACAAAGGGTC-1
TCAGGGCGTTAAACCC-1
AGGTGTTAGGTTGACG-1
TACTTACGTGGTAATA-1
ACGGGTCTCCTGTTGC-1
TGATCAGTCAGGAAGC-1
TCGCACTCATCCGAGC-1
CCATCACCAGCATCTA-1
TCAGTGACAATCGCCG-1
CGTTCTGGTCGCGTTG-1
ACATTTCAGCTGAAAT-1
AGTGACTAGTGAGTGC-1
TACCGGGAGTCTCCTC-1
ACAGCCGTCCTACCAC-1
TGGATCAGTGGCTGAA-1
CTCCTCCTCATTCGTT-1
AACCATGCAGGGAGAG-1
TCCTGCAAGCACGTCC-1
GGGACAATCTGCCTGT-1
GGTCTGGAGATTTGCC-1
CACACAATCCATTCAT-1
GACTTCCTCTGTGCGG-1
TGCAGATGTTGTCCCT-1
CTTAGGAGTACTGTTG-1
AGATGCTCAGTATACC-1
AGGTTGTCAAGGAGTC-1
AGTGCCGCAAGATGTA-1
GGTGTCGAGTCATGAA-1
CCCTGATGTATCACCA-1
ATCGGCGGTCACAGTT-1
GTCATCCGTACCGTGC-1
AGACACTTCCCGAAAT-1
GCTGCAGGTCGTTATG-1
GCATTAGTCGGCATCG-1
GGTGTCGAGCGAACTG-1
AGAAATGAGCTCGAAG-1
CGTCAAATCGTCAAAC-1
GTTACAGTCGCTTGAA-1
GACTTCCAGGAAGTGA-1
TATACCTCACATGGTT-1
TGTAGACAGGCTAAAT-1
ACGGGTCAGAGCCGAT-1
GTGCTTCTCTATCGTT-1
GACATCATCCAAGCCG-1
AGTAGTCAGGCTCTAT-1
GGGTTTAAGTCACTCA-1
CATTCTAAGCAAATCA-1
GGTGAAGGTACGATCT-1
TGCGGCAAGTACTCGT-1
TACGCTCTCAGCATTG-1
CAACCAACAGATCCTA-1
GGAGATGAGTGAGCCA-1
TCGGGTGTCTGGACCG-1
TGTCCCACATTGGATC-1
TTAGGGTGTTCCGCTT-1
TGCACGGAGAAGTATC-1
ATGCCTCTCCCATTCG-1
GTTCCGTAGCTGTACT-1
CATTGAGCAATTCACG-1
ATTTACCTCCGTGTAA-1
AATTTCCAGGTCGTAG-1
TGCAGTATCCCTATTA-1
ATCGTCCAGGAATGTT-1
TCGCACTTCACAATGC-1
TCACGCTCACCACTGG-1
CACTGTCCACAAATGA-1
CTCTCAGGTTCAGTAC-1
AATGGCTCATGCACTA-1
CTAACTTGTGAGACCA-1
GAGTTTGAGGACAGCT-1
TTCTCTCGTCATGGCC-1
GAATAGAAGGCACTCC-1
ACAACCATCCATCAGA-1
ATGTCCCGTTGTCAGT-1
TACACCCCAAGGATGC-1
GACCAATGTAACACCT-1
CGAAGTTAGGTCATCT-1
GCTGCAGAGAGGTTTA-1
ATGAAAGTCGTAACTG-1
GCAGCCATCGGCTATA-1
TTCCTAATCCGGCTTT-1
TCAGTGACAAGCCATT-1
GGTCTGGAGGCGCTTC-1
GCCGATGCAACCGTAT-1
TGTCAGACAGTCAACT-1
ACTATCTAGGCTCTAT-1
AGCTACACACCCAAGC-1
GATTGGTTCCACATAG-1
GGTCACGTCGATTCCC-1
ACACCAAGTAACTTCG-1
CAATCGATCTGGGATT-1
AAGCCATTCCCGTTGT-1
GTTTACTTCATCGCCT-1
TTTGATCTCCGATCTC-1
CTCTCGATCCTGTTAT-1
ATGAAAGAGGCATCTT-1
AGGCTGCGTTTCGTTT-1
AGCGCCAAGGACTAAT-1
CGAGTTACATAGTCAC-1
GCCAACGTCCCATTTA-1
TAGACTGGTGGATCAG-1
ACGTTCCAGAATCGCG-1
CTAAGTGTCACGTAGT-1
GGTGATTAGTCTAGAA-1
TTTCAGTAGTTCCACG-1
ATTACTCCAGCTGTGC-1
GAAGCCCCAACTTGGT-1
ATCCACCCAAAGGCGT-1
ATGGGAGAGAGTACCG-1
TTCACCGTCCTCTTTC-1
CTGCCTAGTTAAGCAA-1
GCCAGCACAACCACGC-1
GACACGCTCATCGACA-1
CACGTGGAGAGGCGTT-1
AGGTCTACACCAAATC-1
TGAATGCCACTGTCCT-1
GTCCCATTCCTAGCGG-1
TGCATGAAGTCAGCCC-1
TCTTAGTGTTCGGACC-1
CGATGCGCACCGGTCA-1
GTTCCGTGTCAATCTG-1
GGCAGTCTCAAATGAG-1
GAGTTACAGAGGCCAT-1
GGTCACGCAACGCATT-1
AATGGAAAGTTCCGGC-1
CTCATCGAGGTCTGGA-1
ACTTCCGTCCCATTCG-1
AATCGACGTTGATCGT-1
AACAGGGCACTCCACT-1
GAGATGGAGGAAGTGA-1
GAAGTAAAGTGAGTTA-1
TTGCATTGTACTCGCG-1
GTTAGACCATTGTCGA-1
CTACATTCAGTTGAAA-1
CCTCATGGTATACCCA-1
TAATCTCCACTGGAAG-1
TTACAGGGTAATGCTC-1
TACTGCCAGAAGAACG-1
TTACGTTAGTTGGACG-1
GGAGGATTCCCTGTTG-1
TTGTGGAGTGGGCTCT-1
GGTGTCGTCGCGTGCA-1
TCATGGACAGTGGGTA-1
GACTTCCCACAAGTGG-1
ACCCTCACAATAGGAT-1
CCATAAGGTCACTTCC-1
ACTGTCCCACTCATAG-1
CAACCTCAGGTTGCCC-1
GCTTTCGAGTAATACG-1
TTCGGTCAGTTCCATG-1
TGTCCTGAGAACGTGC-1
TGATTCTCAGAGGGTT-1
CTGCCTAAGCAGATAT-1
CCGAACGGTATACGGG-1
CCGTAGGTCTTCGGTC-1
TGGGAGAGTGTTCATG-1
CGAGGAACACAGCATT-1
GGCAGTCAGGAGTCTG-1
TTGTTTGGTTAAAGTG-1
GGGTTTACATACTGTG-1
TCATGGATCTGGACTA-1
CTCAGTCAGAGGGCGA-1
AGGCCACAGTGCGTCC-1
TACTGCCTCTGTCTCG-1
ATCCTATAGTGGTCAG-1
TTGCCTGAGGTGTGAC-1
GGCACGTCAGTCCGTG-1
CTCCCAAGTACAGCGA-1
CTCATGCTCAAGCCGC-1
TCAGGGCAGCCTCAAT-1
CCTCAGTAGTGTTGAA-1
GCACGGTAGCCTGACC-1
TACAACGTCGTGGCTG-1
TCCTTTCCAGGTTCCG-1
GTATTTCTCCATCTAT-1
AAGACTCTCGCACGGT-1
ATGCCTCAGAATAACC-1
TATCTTGGTGTAGCAG-1
TGTGATGCATGCGGTC-1
TCACAAGGTCTCACGG-1
GTGCTGGCAAGGGTCA-1
CCACTTGGTACCCAGC-1
ATTCTACCACAGCGCT-1
CAGCAGCGTATCACGT-1
ATTATCCGTCCGTACG-1
ACGGGTCAGGGCTTCC-1
TCCGATCTCTGTTGGA-1
CTTGAGACAAACGGCA-1
TAAGCGTTCCTTATCA-1
TTCCTAATCCGTAATG-1
GTTATGGTCGTCTCAC-1
TAGACTGTCGGTAGGA-1
GGAATCTCATACACCA-1
GACCGTGCATGATAGA-1
ACGGGTCTCGCTGATA-1
GGTGTTAAGGCTCAAG-1
ACTCCCATCATACGGT-1
AGATGCTCAAGCGATG-1
ATTGTTCTCTCTCCGA-1
CACGTGGTCCTACCAC-1
GATGAGGGTTGAGGAC-1
GGCACGTTCCGATGTA-1
TTTACTGCAAGCGCTC-1
ATACTTCAGGACTTCT-1
CACCAAAAGTTGCTCA-1
AGGGCCTTCCCGTAAA-1
GAGTTGTAGTTTGAGA-1
AATAGAGGTATACCCA-1
TCACAAGTCAAGGACG-1
ATAGACCCACCAAATC-1
AAATGGAAGCGCGTTC-1
TGCAGTAGTCACTCGG-1
CTATCCGGTATAGGAT-1
TACGGTAGTGTCACAT-1
GACTCTCAGCTCGCAC-1
TGTCCCAGTAGGATAT-1
ATGATCGTCAGCTCTC-1
AGGCATTGTACGGTTT-1
CTGCAGGCAATTGTGC-1
GTGGGAAAGGATGAGA-1
AGTGATCAGGCTATCT-1
ACGGTTAGTACACGTT-1
TGGAGAGTCCTTCTTC-1
GTTACGACAACACACT-1
ACGTTCCTCATTCTTG-1
TCTTCCTAGGTATAGT-1
CTCAGTCGTAGTCTTG-1
CGTGAATGTCGCCACA-1
ATCGCCTAGTGACCTT-1
CATCGTCCAATTCACG-1
GGGTCTGGTTGACTAC-1
AAACGAAGTCGCTTGG-1
CGTAGTAAGGAGAATG-1
AACAACCTCGTGGGTC-1
AGGAGGTCATCTCATT-1
CATTGAGCACAGTCCG-1
ACTCTCGGTCGTCAGC-1
GCGGAAAAGTCGAATA-1
AATCGACCAATAACGA-1
TCATGGAAGGTACTGG-1
CTGAGGCTCCATATGG-1
GGGTCTGTCACGGACC-1
CTATAGGGTGGCGCTT-1
TAATCTCCAGCACAAG-1
CACAGGCCAGTCCCGA-1
CATCAAGTCCCTCGAT-1
AGACAGGGTGCTATTG-1
CAACGATAGGTCATAA-1
GCTGGGTAGAGCATTA-1
ATGAGGGTCAGAGCAG-1
CCGATCTAGTACTGGG-1
AATGCCAGTCGTATTG-1
CTGTGAACAAACGTGG-1
TCACAAGTCCGCTGTT-1
TCACACCTCATGAGAA-1
CCACTTGCAGGTGACA-1
AGATAGACAAATGGCG-1
TATTTCGAGATCGACG-1
ATGATCGGTACCCAGC-1
CATAGACTCACCCTCA-1
TCCTCGATCTTAATCC-1
CCCAACTAGTGACCTT-1
CCGTTCACATCCTCAC-1
GGGCCATGTGCAAGAC-1
ACCCTTGCATAACAGA-1
TCCAGAACATATGAAG-1
AGGCTGCAGCCGGAAT-1
TAACGACGTAGTCTGT-1
GGATCTAGTCCGAAAG-1
CCACGAGAGTCACGCC-1
TTGGTTTAGGAAACGA-1
CATACCCCATAGCTGT-1
AGTGATCAGTGTTCAC-1
TTACGTTGTATGTCAC-1
TGCACGGCAGTTTGGT-1
TATATCCTCGGTCTGG-1
CCTCCAAAGACATACA-1
GACCCTTGTCATAACC-1
TTTATGCAGATGTTAG-1
GAAGGACAGGTCCGAA-1
TCAAGTGGTTGCAACT-1
CTTCCGATCTTCTGTA-1
CCTGTTGCAACGGCCT-1
AACGAAAGTGAATATG-1
TCCAGAAGTTGAGAGC-1
GTTATGGGTGACACGA-1
CGGTCAGTCGCGCTCT-1
AAATGGATCTGCGGCA-1
GGTAATCTCCCGAACG-1
GCAGTTACACACCGCA-1
GACCTTCCATTCACCC-1
TGCAGTAGTCATCCCT-1
TCCTGCAGTAACATCC-1
TATTGCTCAGACCTAT-1
AGCATCACACCTGCGA-1
CACTGTCGTCACAATC-1
GTGACGCTCGCCGAAC-1
GTCTTTAAGGAGGTTC-1
GTGGAGAAGCTGACCC-1
GAGAAATTCCCGAACG-1
CATACTTAGGTGATCG-1
CCTACGTCATATCTCT-1
TCACGCTGTATACGGG-1
TCGAACACATATGCGT-1
CTTCAATCACTATCCC-1
AGGACGATCTTCCCAG-1
CAGATCATCTTTCCAA-1
GCAGCTGGTTCAAACC-1
ACCAAACCAAAGTGTA-1
ATTCAGGGTCCGTACG-1
TCACGGGTCAACCGAT-1
GCCAGTGTCCTGTAAG-1
CTCACTGAGCAAACAT-1
AAAGGTACAACGATCT-1
CTCATTAGTATCGATC-1
CTCAGAATCCATAGAC-1
TCCTTCTCAGTGTATC-1
TTGGGTACACATCCCT-1
GGCTTGGGTGCTGATT-1
TCAGCCTGTCCACATA-1
GCTTTCGGTACATACC-1
GAGACTTTCCCGTAAA-1
CTTAGGAAGCTAGATA-1
CTGCCATCAGAACTTC-1
TGCACGGTCGCTTTAT-1
AACAACCAGGTACCTT-1
CATGCTCGTCCAAATC-1
AGAGCCCAGCGAGGAG-1
ACGGGTCTCGGCTGGT-1
ACTTATCCACGGTGTC-1
GTCATTTGTATTGAGA-1
CCTGCATTCCTATTTG-1
CGAGGCTCACTCCCTA-1
ATTCGTTTCACTACTT-1
TGATCTTGTAACCAGG-1
GTACAACAGCATCCCG-1
TCAATTCTCCACAGCG-1
CTATCCGTCCTGTAAG-1
TCCACGTGTTCGTGCG-1
ATGGGTTAGGGAGGCA-1
TGAGTCACACGACAGA-1
TGCACGGTCTCGCCTA-1
TACTTACCAAAGGGCT-1
ACACCAAGTCGATTAC-1
AAAGGTAAGTTTGCTG-1
AAGACTCAGTTGGCGA-1
CAACGATTCACTGCTC-1
GCGTTTCAGTCTTCGA-1
TTCACGCCACATTCTT-1
TCTATACTCCTATTGT-1
GTGATGTCATCGATAC-1
TGCGATACATCCTTCG-1
CGAATTGCATGACTCA-1
AGATGCTTCTCATGCC-1
TCATGTTGTGGCATCC-1
GGTAATCAGTCATGGG-1
GCACTAAAGAAGTGTT-1
ACTGATGCACTAGTAC-1
ATACCGAAGATCCCGC-1
AAAGTGAGTTATGTCG-1
CTAGACATCCGATAGT-1
TCATGGAGTTACAGCT-1
AGAAATGGTAGACAAT-1
CATTGAGGTGTCCATA-1
ATCCCTGCACAACCGC-1
GTTCCGTTCGTAGCTA-1
GAGATGGGTATGCAAA-1
ATTCTACCACGGGCTT-1
GGAGAACAGGTATCTC-1
TGCGGCAGTGTCCGTG-1
CATGCTCTCACTTCTA-1
AACAGGGCAAAGGGTC-1
GTAGTACAGGTTCCGC-1
TCAAGTGAGGAACTAT-1
TAACTTCTCCACTGGG-1
TGCTGAACAAAGTATG-1
GTAAGTCAGGGCAAGG-1
CTATCCGCAACCGTAT-1
ATGAAAGTCTGTCGCT-1
GGAACCCCAACAGAGC-1
GAGAAATAGTAAACTG-1
AGGCTGCTCTCTGAGA-1
CACGAATTCTATCGTT-1
TCGTGCTCACGTTGGC-1
AGGGAGTTCACTGGGC-1
ACTTCGCTCCTGTAGA-1
TAGACTGAGGGAGATA-1
ATGAGTCCACTGGACC-1
CTAGACATCATCACTT-1
GAAACCTTCTAGAACC-1
AGTAGCTTCATGACAC-1
TTGGTTTCATCTTTCA-1
TCACAAGGTTAAGAAC-1
ATGGGTTGTACTTCCC-1
AATCACGTCCGAGAAG-1
TGGGCGTCACAGTCGC-1
TCGCTTGCACGATAGG-1
AAGTCGTTCTGTGCGG-1
AGACCCGTCATTGCCC-1
TACAGGTGTTTACACG-1
AACACACTCGCGTAGC-1
CTTCAATTCTACGCAA-1
TCTCCGACACCTGATA-1
TCCTTCTCAAAGCTAA-1
CTTCTCTCAATGGGTG-1
TGTAACGAGGCCTGCT-1
CATACTTCAACACGAG-1
CTCTGGTGTCGCTTGG-1
ATCGTAGTCCAGTACA-1
GATTTCTGTAACTTCG-1
TGGGAAGGTGAAGCGT-1
CCTCTCCGTTTGGCTA-1
AAAGGTAGTATGGTTC-1
ACTGCAATCAGCTAGT-1
GGTAATCAGTGCCAGA-1
GTTAGTGGTTGTGCCG-1
CCAATTTCAAAGCACG-1
TCATGCCGTGACCGAA-1
ACTTCGCAGATTTGCC-1
GAATCACGTAACTTCG-1
GTAACACCAAGCTACT-1
ACTTTGTGTCGTACAT-1
CTTCCGACATGGAACG-1
TCCTTTCAGTTGGCGA-1
GGTAATCCATCTTAGG-1
CCTGCATCAACTTCTT-1
TGTTACTAGTGACCTT-1
TTCACGCGTTTAGAGA-1
TGGTGATGTGCTGATT-1
AGACTCATCTCCTGCA-1
TCAGGGCGTATTTCCT-1
AACCTTTGTTACGATC-1
CGGGCATCAACCAATC-1
CGTCCATCATATACCG-1
TGCAGATGTGTTATCG-1
TGATGGTAGTGAGGCT-1
TCGCTCAGTTGCCTAA-1
TAGGTTGCAGTAGTGG-1
AGTCTCCCACCCTCTA-1
AGCTACAGTCTTGGTA-1
GGTAATCAGTTGTAGA-1
GTAGAGGGTGATCATC-1
GGAATCTCAAATAAGC-1
AGCGCCACAAGAGTGC-1
CTTGATTGTCACGTGC-1
ATTCAGGGTTAACCTG-1
AACCAACTCAGTGTTG-1
TACTGCCTCGAGCCTG-1
GCAACCGTCTGGTGGC-1
GGGTATTTCGTCGCTT-1
TCCATGCCAGTGTATC-1
TCTAACTGTTGCCAAT-1
TACTTCAGTGAACGGT-1
TCATACTAGACCCTTA-1
ATGGATCCAAGCCTGC-1
GGGTGTCTCATGGCCG-1
TAACCAGGTAAGTTAG-1
GGTGTTAAGCATGCGA-1
TTGCTGCCAGACCTGC-1
GATCAGTCAACTCCAA-1
AGTGATCGTTTCGCTC-1
CAAAGAAGTCCGTACG-1
AAACGAATCAGCACCG-1
TTGTGGACATACTGAC-1
TCGTGCTTCGGTCAGC-1
GAGTGTTGTGGTACAG-1
ATTCATCCACCAGCTG-1
ATCATTCGTCGGTAAG-1
CTATCCGCAGGCATTT-1
TACGGGCGTGTAGTGG-1
CCAATTTAGAGGCTGT-1
TGCGATAGTGTAGCAG-1
TCATTGTGTGCATCTA-1
TACGCTCGTCATTGCA-1
TCATTTGGTCCAATCA-1
ATTGTTCAGACATCAA-1
AGCCAGCCACGAGAAC-1
CTGTACCAGTTGAATG-1
TACGGTAAGCACCAGA-1
GATGACTTCGGTTGTA-1
TACGGGCTCGGTTCAA-1
TGCAGATAGAAGTGTT-1
CAACAGTTCCAACCAA-1
CTAACTTTCTTTCTAG-1
CAATGACAGTACAACA-1
GGTAACTCACATTACG-1
GAATCACGTACTAGCT-1
ATCCATTCAATTGTGC-1
AGGTTGTAGGATCATA-1
AACTTCTCACAATGAA-1
ACTTTCATCCCGAACG-1
CATCGTCTCAGATTGC-1
TCCGGGAAGAATCGCG-1
ACATGCACACGCTGTG-1
AGGTTACTCACTGTCC-1
ATCCGTCCATCACCAA-1
TGCTTCGAGGACTGGT-1
AGATGCTTCGCTACAA-1
TCAGTGATCCTACGAA-1
TAAGCGTAGCATGTTC-1
CGTAAGTCACAGACGA-1
GAATAGACACGTCGGT-1
AAGTGAAGTCCAAGAG-1
ACTTAGGTCTAGCATG-1
TGACGCGTCCCTCTCC-1
GGTTAACAGGCCACCT-1
AAAGAACTCCATCCGT-1
AATCGTGTCGTGTTCC-1
ATCGTGAGTGGGACAT-1
TCATCCGAGTGCGCTC-1
CTTACCGTCGCAGAGA-1
CAGTTCCCACGACAGA-1
CTCATGCAGACGAAGA-1
TAAGTCGTCTCTATGT-1
AGACTCACACTATCGA-1
CACCGTTCAATACCCA-1
GCAACCGAGTCTTGGT-1
GTCATCCCAATTGCTG-1
TGTCCTGAGGCGCTTC-1
ACCAACATCAAGCCAT-1
GCAGCTGCAAGAGATT-1
TCATTGTCACTGTCCT-1
TTTCGATGTAGAATAC-1
GTGAGCCGTACGCTTA-1
CATTTCAAGAAGTGTT-1
CATTGTTAGTTTCAGC-1
TCAGTCCGTGGGTTGA-1
GTAGGTTAGCGTGTCC-1
CTTCGGTAGGTTCATC-1
CCGATGGTCGATCCAA-1
GGGTATTCAGCTACCG-1
TCTTCCTAGTGCCGAA-1
CATGAGTTCATAGGCT-1
TCATACTGTACTCAAC-1
TCGCACTCAGGACTTT-1
CCTCTCCTCTCGTCAC-1
CATTTCACAAAGGTTA-1
ATTTCTGTCAACTGGT-1
AGTTCGATCGGTGTAT-1
GGTCACGTCCGGCAGT-1
GGCAGTCTCCTTCTTC-1
AGCGCTGTCTTCCGTG-1
CGTCCATAGATCCCGC-1
GTGGAGATCTCTGCTG-1
GTTGTAGCACCGGCTA-1
CCCTGATAGCCGCACT-1
TGTCAGAAGTCTAACC-1
CCACCATCAGTGTGCC-1
TCTGGCTCACTTCATT-1
AAGTGAAAGACTGAGC-1
TCATTACGTGCCTGCA-1
TCGCTTGGTCATCCCT-1
CTCCGATTCCTGTAGA-1
GTGACGCGTTCGTGCG-1
AGTTAGCCAGGCGATA-1
TCAGGGCGTTGCCGCA-1
TTGAACGTCGCAATGT-1
CACATGATCTCACGAA-1
TCTCCGAAGCCTATTG-1
CCGTGAGAGGGCCAAT-1
TTTACCACACTACCGG-1
TCTATCACAAGAAATC-1
CGGGCATAGATGTTGA-1
CCTCAGTCAACTGATC-1
TACACCCCATTCTCTA-1
TCCATCGAGGTCTGGA-1
ATTCTACCAACGATCT-1
CCAATTTGTGGCTGAA-1
ACGGTTACATCCAACA-1
TACTTCAGTCGAGCTC-1
GCACGGTGTGAGTTTC-1
TGCCGAGTCACAAGGG-1
ACATCGAAGACTTGTC-1
CTCATCGGTAGTCGTT-1
CTCAACCTCTTTCTAG-1
CTCAGTCAGACTCTTG-1
AGTCACACAGGTTCCG-1
CATTCCGAGTACTGGG-1
TAAGCGTTCGCATTGA-1
GGTTGTATCAACACGT-1
TAGACTGTCGCCTATC-1
TGAGGGAAGTTCGGTT-1
TTGGTTTTCCCTCTTT-1
TGAGCATCAAACGGCA-1
ATTCAGGCATTGGCAT-1
TCAGCAAGTCACGTGC-1
AGAGCCCCATGAAAGT-1
ATAGACCAGGTCCTGC-1
CTTTCAATCGAGTACT-1
CACCAAATCCGTTTCG-1
CTCAATTGTTAAACCC-1
GTTGCGGGTTTCGATG-1
TATCTTGGTATACAGA-1
TCCTTCTCATTAAGCC-1
GGCTTTCTCGTAGGAG-1
TACCTCGCATTCCTAT-1
TATCTTGTCCATACTT-1
CCGCAAGAGGATATGT-1
CCTGTTGTCAAGTCGT-1
CTATAGGCACAATGCT-1
AACCTGAGTTATTCCT-1
GGACGTCAGGATACAT-1
TTACGCCCACGCGGTT-1
GATCGTAGTCAAAGTA-1
CAGGTATGTAGCTGTT-1
TTATTGCCAACTCATG-1
CTGAGCGAGTCAGCCC-1
TACATTCAGCGCCATC-1
AGAAATGCATTCATCT-1
GGACGTCCAACGGCCT-1
AGTGCCGTCCGTTGGG-1
ACCATTTTCTTCGGTC-1
TGATGCATCGGTTGTA-1
ACCCTCATCGTTCTGC-1
GATGCTAGTACTGCCG-1
TCCACGTAGTGGTGAC-1
GACACGCCAACCGCCA-1
GTTCGCTAGCATCCTA-1
CTTTCAAGTATGAGCG-1
TCATTCACAGGCACTC-1
ACTTATCTCGGCATAT-1
GCTACCTCAGCTGAAG-1
GGTGAAGGTGAGTTTC-1
CCACAAATCAACCCGG-1
TATCAGGTCTTACACT-1
ATCCCTGGTTTGTTGG-1
TGGTTAGTCCTACCAC-1
TTCCAATGTTCCGTTC-1
TATTCCATCTTAGTTC-1
CCTACGTCACCTTCCA-1
CCCTAACAGACGTCCC-1
TCCTTCTAGTGCACTT-1
TCGCAGGAGAGCGACT-1
ATTGGGTAGCTCGGCT-1
AGGGTTTTCTCGGCTT-1
TCGCTCATCACGATCA-1
CACGTTCTCTTTCTAG-1
TATGTTCTCTCGTGGG-1
GAACACTAGATGGATC-1
TCGAACATCCAAATGC-1
GATGCTAAGGAAGTAG-1
CTTCCTTAGGATTACA-1
CTTACCGTCGAACCTA-1
ATACTTCTCTGGGTCG-1
ATTCCCGCATGAATAG-1
CACGAATAGATCCCGC-1
GATGTTGGTTACCTTT-1
TCCATGCTCTTTACAC-1
AAGACAAGTCGAATGG-1
CTCTGGTTCCACTTCG-1
GTAGGTTAGTTGTCGT-1
CATTCCGCATGAGATA-1
GACCAATCAAGCTGTT-1
AAACCCACAAACACCT-1
AAGGAATCAAGTGACG-1
GACTTCCAGTTATGGA-1
CCTCTCCCAGGCATGA-1
TTTCCTCTCTGCATGA-1
GGTTGTATCCAACCGG-1
TCCTCTTTCGTGTGGC-1
CTGCAGGAGTAGCTCT-1
AGCCAGCAGTGAGCCA-1
CTGCAGGAGGTATAGT-1
ACCTGTCTCGAGTCTA-1
TCGCAGGGTACTGTTG-1
CATCGGGGTTCATCTT-1
AAGTCGTGTCCGATCG-1
TTCCGTGAGTCCCAAT-1
GTCAGCGAGGATTCAA-1
GAGGCCTTCTTGGATG-1
AACAAGACACTTTAGG-1
CACACAACAGTAGGAC-1
GCAACCGCATGGTACT-1
TCAATCTGTGCTGTCG-1
CAATCGATCATGTCTT-1
ACGCACGCAGCTCCTT-1
CCACAAACACAATTCG-1
TCATCCGGTTGGTAGG-1
TATCCTAGTGCATTAC-1
ACCTGTCTCCTTCTTC-1
CTCAACCGTCTCAAGT-1
GTTCTATTCGTGCGAC-1
CATCCACGTTTACGAC-1
GCACGGTAGCCTCAGC-1
ACAAGCTGTCTTCTAT-1
ATATCCTAGTTCTACG-1
TCATTCAGTTTGAAAG-1
AGTGATCTCCCAATAG-1
AACAAAGCAACACGAG-1
CATGCAACAATTCTCT-1
ATCCATTTCTATCGTT-1
AGTGACTTCGCATAGT-1
CCTCTCCTCCGGTAAT-1
CATTCATGTCTCACAA-1
CGCATAATCCATCGTC-1
TACAGGTAGTGAGGCT-1
GGAGGATGTCGAATTC-1
GACTCAAAGGTTCTAC-1
TCAGTGACACTCCTGT-1
TAGGTACAGCATGAAT-1
GCGGAAATCATGGAGG-1
GAGTCATAGACATCCT-1
AACCTTTGTAGAATAC-1
AGTGATCGTCGTACTA-1
GTCAGCGTCAAGGACG-1
CACCGTTCAAACGTGG-1
TACCTGCTCACCCTGT-1
TAACGACCACTGAGGA-1
CCTCCTCGTATGAGAT-1
GATGGAGAGTTAGTGA-1
TTTACTGGTTACCCAA-1
GACGTTACAACAGCCC-1
TTTCAGTAGTCCTACG-1
CATACTTCATAGCACT-1
GATGAGGAGGAACATT-1
ATCGCCTAGAGGACTC-1
CCGGACAAGGCCCAAA-1
TATCTTGAGACTGTTC-1
AGACCATCAGCTGTGC-1
CTGGACGAGGTTGGAC-1
GCATGATGTAATACCC-1
AACCTTTTCACTTGTT-1
TGGTACAGTAGGCTCC-1
ATGCGATTCGTGCGAC-1
TCATACTAGTTCCATG-1
TCTTCCTTCATGAGAA-1
TCGGGCAGTCATCTAG-1
TTTCACATCGTTATCT-1
GTAAGTCAGTTTCTTC-1
CTCCATGTCGAGAGAC-1
ACACAGTTCTTGGAAC-1
TTGTGGACAAGTGGAC-1
GATTCTTTCCTGATAG-1
CATGAGTGTCGATTTG-1
GTAGGAGTCGGTCACG-1
GTGAGCCCACCGTACG-1
AGATCCAAGGTTATAG-1
CATAAGCCAGTCTGGC-1
TGCAGGCCACTAAACC-1
AGCCAGCCATGACTAC-1
GTGTGATAGAGCATAT-1
AAGACTCGTGGATCAG-1
TGCTGAATCGAACCAT-1
CTTGATTTCCATTCGC-1
TCCGAAACATGAAGGC-1
CTATCCGTCAGGCGAA-1
CTAACCCGTTCTCTAT-1
CTTTCGGCATCCTTGC-1
ATTCATCAGACCGCCT-1
GGAGAACAGGCCACTC-1
AGCGCTGTCGCCGTGA-1
GTGCACGAGAGGGTCT-1
AGACAGGTCTTTGCTA-1
TAGAGTCGTTCCTAAG-1
TCACGCTAGGTCCAGA-1
CTACAGATCTTAGCCC-1
TAGGTACTCACTTTGT-1
ATCCGTCCACTACCGG-1
TTCCTCTAGCCTATCA-1
GGGTAGAAGAGGTTTA-1
TCTGGCTTCTTCGATT-1
ACTTTGTAGTCTTCCC-1
TTTAGTCAGCTGTAGA-1
CTCCCTCTCCCAGGAC-1
GGGTTATTCTTTCAGT-1
TGATTCTAGGACGCTA-1
AATGACCAGCGAAACC-1
GGTTCTCTCATCGCAA-1
TTGTTGTTCAAGCCAT-1
TTTCGATTCACTAGCA-1
TCATGTTAGACCCGCT-1
TACGGTATCCATATGG-1
ATGAGGGCAGACAAGC-1
GTAGCTACAAGAGTTA-1
CCCAACTGTCTACGAT-1
TCCTTTCAGTAAATGC-1
TACGTCCAGCACACAG-1
TTCCTTCCACCCAAGC-1
ATCAGGTTCTATCACT-1
CCTTTGGCACCAGTAT-1
CGGGTGTTCTTCGACC-1
GATCCCTTCTGTCAGA-1
CAATCGAGTGTTCCTC-1
TTGCATTTCGGATACT-1
CATTGCCAGACATCCT-1
GCATGATCAAGCGATG-1
CCAATTTAGCATCTTG-1
GAGACTTCATCTGTTT-1
GACTGATAGTATCCTG-1
GTCATCCGTCCTCCAT-1
CGGGTCATCGGATACT-1
ACCTGAAAGGCGCTTC-1
TCGGATAGTAGCCAGA-1
GCGGATCTCTATCACT-1
TCCGATCAGTCTGCGC-1
TCACACCCAGTTGTTG-1
AGAAGCGCATTAGGCT-1
TCCACGTCAATACCCA-1
AGTACTGCATTCATCT-1
CCTCACATCCTGGTCT-1
TGTGTGATCCACTTCG-1
CTGTATTAGATACAGT-1
AACTTCTAGGTCACTT-1
CGTTCTGAGCACTCTA-1
CAGGCCAGTAAGCAAT-1
CTTTCAATCACCGGGT-1
CCCATTGGTATCCCAA-1
CGTCAAAAGGTTCACT-1
TCCTTTCAGCGTGCTC-1
ATGGGTTTCCGTTGGG-1
TCGAAGTTCAAGAAAC-1
TCAAGACGTTAGAAGT-1
GGAATCTCACCAACAT-1
TTACGTTGTACATACC-1
CAGATACCAAGCACCC-1
AGCTACATCGCGGTAC-1
GGCAGTCTCCCAGCGA-1
AGTTCGATCCATCTCG-1
CCCGGAAAGAGATCGC-1
CCTCAACAGAGTCACG-1
TTTCGATCAATTTCTC-1
TCGTCCAGTAGTTCCA-1
GTTCGCTGTTGCTAGT-1
GCGTTTCAGTTCAACC-1
AAAGGTATCCATTGCC-1
TCTGTCGTCACTACGA-1
TGCAGATTCTGGCCAG-1
CATGCCTGTCCTACGG-1
CTCAAGAAGATGCAGC-1
GGGTGAAAGCTGTTCA-1
ACATGCAAGCCTCTGG-1
CCCTCAACATGGCACC-1
CCCATTGTCGACATAC-1
GATAGCTCATGTGGTT-1
GGTTGTAGTTCGTAAC-1
TCACATTTCTCATTTG-1
AGGGAGTTCTGACCCT-1
TCATACTGTTCTTGCC-1
ATCGGCGCACAAATCC-1
TCTCAGCAGTAAGCAT-1
CTCTGGTTCATGACAC-1
GGGAGATTCTTTGCGC-1
TCGGGCAAGGGCGAAG-1
TCAATCTCATTGACAC-1
GTCCCATTCTAAGCCA-1
CTGGACGTCCCACAGG-1
CGTGCTTCACCTCGTT-1
CAGCCAGCAACCAGAG-1
GACTCTCCACGCAAAG-1
TCAAGACTCCCTCTTT-1
ACTCCCACAACCTATG-1
CGGGTGTTCGAACGCC-1
CAAGAGGCAAGGAGTC-1
CGATGGCCAGAGGCAT-1
TTTACTGTCGCAATGT-1
GTAATCGAGTGGATAT-1
AAGCATCCAGGCCTGT-1
ATCGTAGGTCGACTTA-1
TCACTATAGTACTGTC-1
CTATCCGTCTCCGAAA-1
CATCGCTCAGGTTTAC-1
ATCGCCTAGGCGCTCT-1
GTGCTTCGTGCTCCGA-1
GAAGCGAGTATCGATC-1
GACTGATAGTACCCTA-1
AAGTACCAGGGATGTC-1
GAATCGTTCGCTTAAG-1
ACTATTCGTGAGTCAG-1
CTGTATTGTCATCCCT-1
ATCACTTCAGAGAATT-1
GTCCACTAGTATTGCC-1
CTATCTAAGGGTACGT-1
GGCTTTCTCTAACGCA-1
TAACTTCAGTCTCCTC-1
TTCATTGAGTGTAGTA-1
CTCCGATAGGTTCAGG-1
TTGTTTGCAAGAGTAT-1
ACATCCCAGCGGATCA-1
TTCTCTCAGCTGGCCT-1
CGCCATTGTTGCATTG-1
ATGATCGAGAATCTAG-1
TTGCTGCTCAAGCTTG-1
TGAATCGTCTGACCCT-1
TCAGTTTGTGATGTAA-1
GGGACCTTCGGCATTA-1
TGAGGTTCAAGAATAC-1
TCAAGACAGTGCAGCA-1
GGGCCATTCCGCAACG-1
GTCAAACGTTGCACGC-1
GGGTTTAAGTCAGCGA-1
TTGTGTTTCTTAGCTT-1
GCACATAGTTGGGTTT-1
CGAGTGCCATTGAAGA-1
GAACACTAGATGAGTC-1
TCATATCGTGTTACTG-1
AACCAACGTCCAGGTC-1
CTAACCCGTGCAACGA-1
ACTGCAAGTTGCTCGG-1
GTAACACGTAACATCC-1
TGATCAGTCTAGACAC-1
GTGTGGCCAAAGACTA-1
ACATCGACATGAGTAA-1
TGCTCCAAGGTCCCTG-1
GGGAGATGTTGTTTGG-1
ACAACCAAGCAGGCTA-1
CGAGGAACACTACTTT-1
AATCACGCAATCGCAT-1
AGCTACAAGTCTACCA-1
GATTGGTCATAGTCAC-1
GTGAGCCAGGACATCG-1
TAACCAGTCGCAGAGA-1
TGTCCACAGGAGATAG-1
GTCATCCAGATGGTCG-1
TCACTCGGTTGACGGA-1
TGCAGGCCAAATCAGA-1
TCCTAATCAGGCCTGT-1
AATGGAATCAGCCCAG-1
TCAGCAACATGTGGTT-1
AAGCGTTGTATCAGCT-1
ATTCTTGCAATTGAGA-1
AGGGTTTTCATGTCAG-1
TTCGATTGTACTGACT-1
AATAGAGGTTCGAACT-1
TCTGCCAGTAACCCTA-1
GAATCGTTCGCAGTGC-1
ATGATCGCAAAGAACT-1
CCGTGAGGTATGCAAA-1
AGGCCACCACACACTA-1
CGCAGGTCACTATGTG-1
CATGGATTCTGATGGT-1
TACGCTCTCTTGATTC-1
TAGACCATCCAACACA-1
ATCTTCAAGGTTCCAT-1
CTCCCAATCTCGGTAA-1
TATTGCTCACATCATG-1
CTTCTAAAGACATCCT-1
CAGGTATGTGTTGACT-1
AAGCGAGTCAGGCGAA-1
CCTCACACAGAATGTA-1
CCCTCTCAGTTGGGAC-1
GGCACGTTCACGATAC-1
TGGTACAAGAGTCACG-1
GATTCTTTCGATCCCT-1
GTTTACTTCCGATGCG-1
GGGCGTTTCTTCGTGC-1
GGTGTTACAAATAAGC-1
TGGGATTAGACTACGG-1
TCTCTGGCATTCCTCG-1
AAAGGGCAGATGCTGG-1
GTGTTCCTCCGTAGTA-1
CAGTGCGCATGTGGCC-1
TCTACCGTCTTACTGT-1
ACGGGTCCAATAACGA-1
TGCATGATCAGCTCTC-1
ACCATTTTCGATTGGT-1
ACTACGACAACAAGTA-1
GCACTAATCACCGGTG-1
CATCCGTCAACTGCTA-1
AAACGCTCATCCTAAG-1
AGCTACACACCTGATA-1
TTTGATCGTATTGCCA-1
ACCACAATCCGATGTA-1
CATAAGCCACGGCCAT-1
GTTAGACGTAGAGTTA-1
GAGTTTGGTTCTTGCC-1
AGTGATCTCATCCTAT-1
TTGGATGCATGGACAG-1
AATGCCACAGCTCTGG-1
TAATTCCCAACGGCCT-1
CTCCGATGTCGTGGAA-1
GCTGCAGCACGCGCAT-1
ATGGGTTAGTGGATTA-1
GACAGCCGTATTGCCA-1
GGGTTATGTGTCTAAC-1
TGATTTCTCGTTGTGA-1
CTAACTTCATCCGTTC-1
ACGTTCCTCTAGACAC-1
CAGCACGCAACGCATT-1
TCTACATAGCCTTCTC-1
CGAGTTAAGCCAAGCA-1
TGTTGGATCGAATCCA-1
ACTTCGCCATGATCTG-1
ACTTTGTTCATCTGTT-1
TTAGGGTAGGGTTTCT-1
TGCAGGCAGGTTCTAC-1
ATGGTTGAGACTGTTC-1
CCTCACAAGTAAGAGG-1
CAGTTAGGTGCAATGG-1
TTACGTTTCAAGCGTT-1
CATGAGTCACCCTCTA-1
CCCGAAGTCACATCAG-1
CGGGACTTCACGGAGA-1
GAATCACAGCCAACCC-1
CCTCCAAAGACATGCG-1
AGTCTCCCACTTCCTG-1
CGCATAATCGTAACAC-1
CATAAGCCAGCTACTA-1
ATGAAAGAGTCTACCA-1
CTCCTTTGTGATTCAC-1
TCCTCGAAGTGGTTAA-1
GAAGCGATCTCTGCTG-1
ATCTCTACACGTCTCT-1
TGCATCCTCCCATACC-1
TCTCCGATCACCACAA-1
CCGGTAGAGGTGTGAC-1
AAACGAAGTGGAACCA-1
GCCAGTGGTGGATCAG-1
AACAAGATCCCATTTA-1
CAAGAGGAGACTCTAC-1
CCTCTCCAGGCTGGAT-1
TGAGACTAGTCGAAAT-1
CGATCGGAGTATAGAC-1
GTTCCGTGTGTTAAAG-1
ATCACGAAGTCACGCC-1
ACTTTGTTCGCTTACC-1
GCCATTCGTTGGCCTG-1
GCTCAAATCGTTGTTT-1
TTGGGATTCACACCCT-1
CATCCCACACTCAGAT-1
ACGGGTCTCATCGGGC-1
GGCTTTCAGCTATCCA-1
GAAGGGTGTCCAAATC-1
ACTTATCCAGGCATTT-1
AATTTCCAGAGGCCAT-1
CATACCCGTAGACTGG-1
GGGACAATCTTGTTAC-1
GATCACATCGGTCAGC-1
GTGGCGTAGGGTACGT-1
CACCGTTGTGGCATCC-1
ACAGGGAAGCGTGCTC-1
GTGACGCCAGACGCTC-1
CGCCAGAAGCAATAGT-1
CAATTTCAGCGAAACC-1
GTAGAAACATTAAGCC-1
TGGAGAGCATCCCGTT-1
GTGCTTCTCCGTATGA-1
GCAGCTGGTTTGAACC-1
CCTTTGGTCCATAGGT-1
CTGGCAGGTCAATGGG-1
CATGCAAGTGGTCCGT-1
ATGAGTCAGTCCGCCA-1
AATTTCCGTAATGCTC-1
GTGTAACAGTGCCAGA-1
CTGAGCGAGTCTAGCT-1
TTACGCCGTTGCTCGG-1
GGCACGTCAAAGAACT-1
GCGGATCTCAGACAAA-1
GGGACAATCCATTTGT-1
ATCATTCCATTGTGCA-1
TTCCTTCGTGCATGAG-1
CCGATGGTCCCGAGAC-1
CTCTCGATCTACCTTA-1
TTCTCTCAGATCCTAC-1
GAAGCCCAGCGAGTAC-1
GAGGGTATCCGAACGC-1
GTTTGGAGTCTGTCAA-1
TATGTTCGTCCGACGT-1
TCTAACTTCGATTTCT-1
TCACGGGGTGCTCGTG-1
ACGGTTAGTCATAACC-1
CTTCCTTTCTGCCTGT-1
GGATCTACATACCGTA-1
CCTCTAGTCCTTCTGG-1
CATGCCTCACGACAGA-1
ATGATCGAGATACGAT-1
CTCAGTCGTCCTGTCT-1
AGAACCTAGAGGATGA-1
TCCTTTCGTAGTTCCA-1
AACCTTTCAAGCGAGT-1
TCCGAAACAAGAGTGC-1
ACCATTTTCAAGTGTC-1
CCCTTAGCAATTTCTC-1
AGCTCAACAGCCTTCT-1
CCTCCAATCTGGACTA-1
CCTCCTCGTAGTTAGA-1
TGACGCGGTCAGTCGC-1
AGTACTGGTACCCGCA-1
CAGTTAGGTTCCCACT-1
GAGAAATCAATGTTGC-1
CGAATTGTCCTGTAAG-1
ATATCCTCAAGACAAT-1
GTGATGTGTTGGCCGT-1
ACGGTTACATGGAGAC-1
GCCCGAACAAGCTGCC-1
GGTTCTCTCTTTGCAT-1
AAGACAAAGACAGCTG-1
CTTCTAATCTTCTGGC-1
CGAAGGATCAATCAGC-1
CTATCCGTCTGCGGCA-1
TTCTAGTGTAACACGG-1
GTGTGATGTCGTGGTC-1
GATTCTTAGAGCAAGA-1
CCGAACGAGCCGAATG-1
GAGATGGTCGCGTAGC-1
GAACGTTGTTTCCCAC-1
CTCACTGAGTTCAACC-1
CTGCCATTCGTGCATA-1
ACCCTCAAGCCTAACT-1
GAAACCTGTCGGTGAA-1
GCCAGGTTCCGTAGTA-1
GTGTGGCTCAGTCACA-1
GTAGTACGTGTTGACT-1
TGTTTGTAGCTGAGCA-1
TTATTGCAGAGCCGTA-1
TAGCACAAGACCATTC-1
GAGCCTGTCACTACTT-1
TTCACCGAGTAAGACT-1
TCTTAGTTCGCGTGAC-1
GTTACGAGTTCAAGGG-1
GCACATATCTCATGGA-1
TGTTTGTGTTTGGGTT-1
TAGAGTCTCATCGCCT-1
GACTATGCACCTAAAC-1
GAAGCCCAGCGGGTAT-1
CTGTGAACATGTGGTT-1
TTTAGTCAGTTGCAGA-1
CGTCAAATCATTCGGA-1
TGTAAGCTCGAACTCA-1
GCCGATGTCCTCACCA-1
TATCCTAGTTCTTAGG-1
GTCAAGTCAATTAGGA-1
TGGTACACAGCGTAGA-1
TGATGCAGTGCCCTTT-1
ATCTTCAGTAGCGATG-1
TACCCACCATAATCGC-1
AACCTGAGTTACCTGA-1
ATTATCCGTGCGAACA-1
CGTTGGGCACAGCTTA-1
AGCATCAGTAGGTCAG-1
TACAGGTCATGATGCT-1
ATCCCTGAGCGTGAAC-1
CCTCCAAAGTTCCTGA-1
GAGAGGTTCCATCTGC-1
ACGATCACAGGAATAT-1
GAACACTGTATCCCAA-1
GTGGCGTAGGAAAGTG-1
GATGATCGTACGTGAG-1
CGTGAATTCATAGCAC-1
TTCTAGTTCTTCTTCC-1
AAAGAACCACTGGACC-1
ATCCTATTCTCGGTCT-1
GTGCGTGGTCCACATA-1
TCGACGGTCAATCCAG-1
TCCACGTCAACCTAAC-1
ACATCCCAGAGGCTGT-1
TCCTTCTTCTGAGGCC-1
ACCGTTCCACCGGCTA-1
CCAATGAGTTTACCTT-1
TGAACGTGTACTCGAT-1
CACCGTTTCACAAGGG-1
CCTCCTCGTACAGTCT-1
CACCGTTAGCCGCTTG-1
CCTGCATTCCTGTAGA-1
TCGTCCAAGACTCCGC-1
AAATGGATCTGAGTCA-1
AAGACTCAGGCCTAAG-1
CTCTCAGTCTCACGAA-1
TAAGCACCACTACCCT-1
CAATCGAAGCATCGAG-1
ATTCACTGTATCGCAT-1
TCAATTCTCTCCATAT-1
TAGTGCAGTTTCACTT-1
CAGCGTGTCCCTTCCC-1
TGCTCGTAGGATTCCT-1
TTACCATTCTCCGTGT-1
CGTAAGTTCTGAGAGG-1
TGCATGACATCAGCTA-1
CTGTATTAGTTGGAAT-1
GTCGCGATCGCCCAGA-1
TACCGAACACCACTGG-1
ATCTTCAGTACGACAG-1
AGTACTGCAGTATGAA-1
GGTTAACGTTCTCTAT-1
CGGTCAGTCCACGTAA-1
ATGCCTCGTATACCCA-1
CAGATACCAGGAGACT-1
TAAGTCGTCTGGCTGG-1
ACCGTTCTCAAGGAGC-1
GAGTTGTCAAGTGGGT-1
CAAGAGGAGGTCTTTG-1
CAATCGACATACGCAT-1
CGCAGGTCATCGCTCT-1
ATCACAGTCGGACTGC-1
CGTTGGGAGTATGGAT-1
GTTCCGTCACCGTGCA-1
TCACACCGTGGTAACG-1
CCTCCTCTCCATTTGT-1
AGAACCTTCATTCACT-1
TACCCGTAGACTACCT-1
GAAGAATGTCCGCAGT-1
ACTATCTCAACACTAC-1
TACCTGCGTCAGACGA-1
CTGTACCCAGATCACT-1
TACAACGCAGGCACAA-1
TGCTGAAAGTTCATCG-1
CCCTAACAGGAGATAG-1
CATACTTCAAGAGAGA-1
CAATGACGTCTCCTGT-1
AAGCGTTCAAATCGGG-1
AGACAAAGTGTAGTGG-1
CATTCTATCAGCTAGT-1
TCCTTCTTCTGCCTGT-1
ACACCAACACATTCTT-1
TGTTGAGGTTCAATCG-1
CTACGGGCATGGAATA-1
GCCATTCCATAACCCA-1
ACCAACAGTTTACGTG-1
CCTCCAAAGGTCGTAG-1
TTTGACTGTGACCGTC-1
CTGCAGGGTACTCCCT-1
ATCGATGTCGGTCATA-1
AGGGTTTTCGCTTGAA-1
ACTGATGAGTCAGCCC-1
TACTTGTGTGCCTACG-1
TCCCACACATAATGCC-1
TGTTGAGGTTGTGCAT-1
TCCATGCCAGGCGTTC-1
CTACCCAGTTGTCCCT-1
CACGTTCTCGGCTCTT-1
AACTTCTTCTACTTCA-1
GTCAAACTCCGCATAA-1
AGTTAGCGTTACCGTA-1
TACGGTATCGGATACT-1
AAGTACCCATCTTAGG-1
TGACCCTAGTCGAATA-1
TACAGGTCACCCTGTT-1
AACTTCTGTCTGCATA-1
AGGTAGGGTCTAGTGT-1
TCATTGTGTACTAACC-1
AACCACATCACTGGGC-1
AATTCCTGTTTACGAC-1
ACTGTCCAGGATTTGA-1
GCCATTCGTTAGGCCC-1
AGCTACAGTATTGGCT-1
CTGGTCTCAGGTTACT-1
CTGAGGCTCACTACGA-1
AAGCATCGTGCTTCAA-1
CCGTTCACAGCTCCTT-1
ATGCCTCTCGCTACGG-1
GTTGTAGCAGTCGTTA-1
TTGTGTTAGGTCGCCT-1
AGGCCACCAGATACCT-1
TGCTTGCCAGACATCT-1
TTACAGGTCTTCTCAA-1
TGAGCGCGTCCAGAAG-1
CACTAAGGTGTGATGG-1
CCACTTGTCTGTGCAA-1
TGCGGCAAGACCCGCT-1
AACGAAAGTATGGTTC-1
CTCCCTCGTGCCTACG-1
TCGAACACAGGGTCTC-1
CGAGGAATCAAGAGGC-1
CTATCTAGTTGCATGT-1
AGAACAATCCATCCGT-1
TATATCCCAGCGACAA-1
TGCAGATTCATGCCCT-1
CTTACCGGTAGGTTTC-1
TCAAGCAAGTGTACAA-1
TACGGGCTCAAAGACA-1
ATACCGAGTTGACTAC-1
AACAAAGGTGAGTGAC-1
CTTGAGACATCTCCCA-1
TTCCTAATCGACCAAT-1
GTCACTCTCCAAGCAT-1
CTGCATCTCCAATGCA-1
AAAGTGAAGCTGAAGC-1
AGACAAAGTGATTCTG-1
CCAATGAGTGCACATT-1
TTCCAATGTCAGGTAG-1
ATTACTCTCCCAATAG-1
AGAGCCCTCGTCTACC-1
TTGAACGAGTGTAGTA-1
ACCATTTAGACGATAT-1
GGGCCATGTTTCTATC-1
AATGGAATCCATTCGC-1
AGCGATTCAAGTTCCA-1
TAACACGAGATACCAA-1
CTGATCCCAAAGACTA-1
CCACGTTAGCAGGCTA-1
CATCCGTGTACGACAG-1
ACATTTCAGAGTCTTC-1
CTGAATGGTAACATAG-1
CCACGAGAGTCATGAA-1
TTCATTGCAGTGAGCA-1
TGGGTTATCAACCTTT-1
ATGTCTTAGGACTAAT-1
TGACCCTCAGGAGACT-1
AACGAAATCACCATGA-1
TGCGGGTGTGGAATGC-1
GGTGGCTTCAATGCAC-1
ACCTGAACAAAGGATT-1
TCCTGCAAGGTTCTTG-1
ACAAGCTAGTTGCGCC-1
CTACATTTCGAAGCAG-1
ACAAGCTAGTCAGCCC-1
TGCTCGTAGCGATCGA-1
GCAACATGTAACGCGA-1
AGGTCATCACTTTATC-1
CAAGAGGGTGGGTATG-1
CCATCACTCATTTGCT-1
CGAGTTACACCCTAGG-1
GTAGGAGGTAGGCAAC-1
GGGTTTAAGGTCCCGT-1
AGACCCGTCATAAGGA-1
AAGCGAGAGGAGAGTA-1
AAGCATCCATATGAAG-1
GATGATCAGGAAGAAC-1
TCATGGACACCGTGGT-1
GCCAACGCATAGTCAC-1
TTGCGTCCATCCGCGA-1
CTCACTGCAATACGCT-1
TATCTTGAGAAGGCTC-1
TACGTCCGTCCTTAAG-1
ATCCACCAGTGAGCCA-1
CCTAAGACAAGCGCAA-1
AACCTTTAGTGCAGGT-1
AAGGAATGTCTTCCGT-1
CCTTGTGGTCCGGTGT-1
GCTGAATAGTCATGAA-1
TTCGATTAGGCTGTAG-1
TCCACGTAGATGTTAG-1
TCCAGAACAGGCCCTA-1
GTCATTTTCAAGAAAC-1
GTGAGGAAGGGACTGT-1
GAAGCCCCACTTCTCG-1
CAGTTCCAGTTACGTC-1
GATCACACAAGTACCT-1
GCATGATGTAGAATGT-1
TCTTTGACATGGGTCC-1
AACCAACTCGAGAAAT-1
GAAGGGTCACGCACCA-1
GTCTGTCGTTTGGGTT-1
TGCATGACAGCCATTA-1
CCACGAGTCGTTGTAG-1
AGCGATTGTCTCGGAC-1
TTCCTCTAGGGCCAAT-1
TCACGCTCATCGAAGG-1
AAGCCATAGCAACAGC-1
CACCAAATCGCTTACC-1
GCATGATGTAACAGGC-1
CTGCAGGCATATACCG-1
TTCACGCCACTCGATA-1
AGCGATTTCCTCACCA-1
ATCACTTCATGCCATA-1
GGGACCTCAAGTCATC-1
TCTAACTAGGAAGTAG-1
AACAGGGCATAGACTC-1
CAGCAATTCGACCAAT-1
CAGCACGAGGATGCGT-1
AGACAAATCACAATGC-1
TTCTTGATCCTGTACC-1
TAATCTCAGGCCGCTT-1
TCCTTCTTCTCATAGG-1
TATTGCTGTCCAGAAG-1
AGCTTCCCATACTGAC-1
AATTCCTCACCATTCC-1
TTACCGCCATTGAGCT-1
GTCTGTCTCTACGGGC-1
CAGGCCATCCGTATGA-1
TGGAACTTCCACCCTA-1
ACCCTCACAGGCTTGC-1
AGTCTCCTCAACGAGG-1
TATACCTAGCGCAATG-1
GGTGATTAGCAAACAT-1
TCTCTGGTCCTACAAG-1
TGCACGGTCCAGTGCG-1
GACCCAGCACAGAGAC-1
CTGTAGAAGACGACGT-1
ACCACAATCACACCGG-1
GAAGAATTCCTGCTAC-1
TTACGTTTCAGTGCGC-1
CATGGTAAGAAACACT-1
TTCGCTGTCTCTTGCG-1
CTCAGTCCACTGTGTA-1
TTCCGTGGTTTGTGGT-1
CTGCATCAGAGTCTGG-1
TCCATCGAGTAGTGCG-1
ACCAAACCAATTGGTC-1
ATTCCTACATTACGGT-1
TGGTACATCCCTCGAT-1
CCTAAGAAGCTAAATG-1
ATCGTAGGTGGCGCTT-1
ACATCCCAGGGAGGCA-1
CACACAACAGAATGTA-1
CATCAAGTCGACACCG-1
TGACGCGCATGGCTAT-1
TTATTGCTCAATCTTC-1
AAATGGAAGTTTGGCT-1
CACGGGTCAACGATTC-1
TCCCACATCTTCCAGC-1
AACTTCTCACCTCTGT-1
TTGCTGCTCGTTGCCT-1
AGTACTGGTCGTCAGC-1
TCATATCTCGTGCGAC-1
TTACGCCTCGACCCAG-1
GCTTCACAGCGCTTCG-1
ATCGCCTAGGACACTG-1
TTGGGCGCAGACCTGC-1
AACCTGATCTCGGTAA-1
GAAGCCCCAACACGAG-1
CTCCGATAGCAGTAAT-1
GAACACTCACTGCGTG-1
CATTTCACACTATCGA-1
AGTACCACAGCTGCCA-1
CCCTCAAAGTCACGAG-1
GTAACCAAGCTGACAG-1
TCATGGAAGTATGCAA-1
AGGGTCCCAGTAACGG-1
TCTTGCGGTACTCCCT-1
GGGCTCACAATAACCC-1
GACCAATTCATAGAGA-1
ACTATGGCACGTAACT-1
CACTTCGAGCATACAG-1
CTTTCAAAGTTCAACC-1
AAAGGGCCACCAGCTG-1
ATGGATCAGCGATGAC-1
TCTATACAGGGAGAAT-1
GTCATTTTCGATGGAG-1
ATTGTTCCAGTACTAC-1
CCGTGAGCAAATAAGC-1
ACAACCAGTATGAAGT-1
AATGGAATCTAGGCAT-1
TTTACGTAGAGTTGTA-1
CTGCATCTCGCACTCT-1
TTGTTGTTCCACGGAC-1
CTTCAATCAGACCAGA-1
TAAGCCATCCACACAA-1
TACTTGTCAACTCCCT-1
GAGAAATAGTGGATTA-1
ACGTACAGTGATGGCA-1
AAGACAAAGGTTGAGC-1
GAGGCCTCAACGTAAA-1
TGGTGATGTACCGCGT-1
TCCTCGAAGCGATTCT-1
TCTACCGAGATCACCT-1
GTAACCAAGGTTATAG-1
GCAACCGGTCTCGGAC-1
ACTATCTAGCTTAGTC-1
ATACCGAAGCGAACTG-1
CAATGACCATCCTGTC-1
AGTAACCCACGGTGCT-1
GTTCCGTTCAACCGAT-1
GTGTAACGTTTGGCTA-1
TAACCAGAGATGCCGA-1
AATGACCCAAATGGAT-1
CTTTCAATCCGTCAAA-1
CAACAACCAGCCTATA-1
CTGTACCTCCTCGCAT-1
TTCGATTCATACAGCT-1
TGGTTAGTCGATGCAT-1
TCCGAAACACAAGCAG-1
CAACCTCGTTGTGCAT-1
GCAGCCACATGAAGGC-1
ACAGCCGCATCTCATT-1
CACACAAAGCTAAATG-1
GACTGATAGAGCAGCT-1
TTGGGATCATGAAGGC-1
TCCACCAAGTGGTCAG-1
ATTGTTCCAGTGTGCC-1
TTTCAGTCAATGAAAC-1
CCGGTAGAGGAAAGAC-1
CGGTCAGAGGTACCTT-1
CTGCTCAGTAGGCTCC-1
TAGATCGAGCTCGTGC-1
CGCGTGATCTATTCGT-1
GTAGATCCAAGTTTGC-1
GGGATCCGTATGAGGC-1
TGACCCTTCTCAATCT-1
TGAGCATGTGAGGCAT-1
CGCCATTAGTCCGTCG-1
AAGACTCAGATGAATC-1
TGTTTGTCATCGGAGA-1
TCAATTCCAAGTCCAT-1
TTATTGCTCCTTCTAA-1
AGTAGCTAGAGTGTGC-1
TTACCATAGAGCCGAT-1
AGAAGTATCGAAGGAC-1
ACATGCATCTAAACGC-1
TTCATGTTCTTAATCC-1
ACATCGACATGGCCCA-1
GTCTTTAAGTAGTCCT-1
GAGATGGGTCCGCAGT-1
ACTTCGCCATTCCTAT-1
GTCCCATTCTGCACCT-1
GAATCACGTCAAGGCA-1
CTCATGCAGCACCGAA-1
ACATTTCAGTAATACG-1
AATGACCTCCGTTTCG-1
GTCTCACTCTTAGCTT-1
CTACAGAAGCCTTTGA-1
CATTCATGTTGACTGT-1
CAGCGTGTCAGCCTCT-1
TACCGGGGTTGTGGAG-1
GCCGATGCAGAGAATT-1
TAGGGTTAGCAGCACA-1
CAATGACTCCTCTAAT-1
TTGACCCGTTGGCCGT-1
GATCAGTAGTTCTACG-1
ACCTACCCATGGAAGC-1
GCATCTCCATGTAACC-1
ACGTTCCTCAAAGGTA-1
ACTATGGGTTCTCGCT-1
GTACAGTTCGTAGGGA-1
ATCCCTGGTTTATGCG-1
TAAGTCGGTCGAATGG-1
ACTGTGAGTTCCGGTG-1
CCCATTGTCCCTCGAT-1
ACACGCGGTACTGGGA-1
AAGACTCAGACGACTG-1
CAAGGGACAACAACAA-1
ACTTCGCAGTTTCGAC-1
AGATGAAGTATAGCTC-1
CTCAACCTCCATTGTT-1
CTTCCTTAGCTAAATG-1
GATTCTTGTTTGATCG-1
GTCACGGCATGACTAC-1
TCGTGCTGTCGAGTTT-1
AGGACGACAACGCCCA-1
CTTGATTAGTCTTCGA-1
ATCGATGGTTAGGCCC-1
CGCATGGGTCACTCTC-1
ACGGGTCGTCTGCAAT-1
ACCAAACGTAATACCC-1
GTTGTAGTCTCTCGCA-1
CACAACAAGCGACTTT-1
GAGAAATGTCTCTCAC-1
GGCTGTGAGCTACGTT-1
CTCCCAATCGACGCTG-1
ATTCCCGAGCTGGAGT-1
TTCTCTCGTAGAATGT-1
CCTATCGTCGTCAAAC-1
ATTCCATCATACAGCT-1
CAAGCTAAGGAGGGTG-1
TCCTCCCGTTATAGCC-1
GTAGAAAGTAGGTACG-1
TACCTCGGTGGTATGG-1
TCCTGCAGTCCCGCAA-1
CCCATTGGTAGCTTAC-1
CATACAGTCATCCTGC-1
CATGCGGCACAGTCAT-1
GGGACAACACAACATC-1
CAGCCAGAGCAGATAT-1
CATTGAGAGATCGACG-1
ATGGGTTTCGTAACTG-1
AGTACCAGTCCGGTCA-1
GCCAGCACAGGAGGTT-1
GGAACCCTCTGACAGT-1
ACTATTCTCAAGGAGC-1
CTCCAACAGCTCTATG-1
ACGTCCTCAGATTTCG-1
TGCTTCGTCCCAACTC-1
CTTTCAACAGAACATA-1
TGCAGTACACTACACA-1
ACAGGGACAGTGACCC-1
GATTTCTTCCTAAGTG-1
CTTCCTTCAGGTGGAT-1
AACCCAAGTCTACAGT-1
TCGAACATCCATTTAC-1
AGAGAATAGTGGTTGG-1
TCACACCCAACTCGAT-1
ACACAGTTCGCCGAGT-1
CTACCTGAGAGTAACT-1
GGTCTGGGTGCCTGAC-1
CTCCAACGTGACTATC-1
GATCATGGTCCTCCTA-1
AGTCACACAAGCTACT-1
TGGATGTCAAGCACAG-1
ATCACGATCAAAGCCT-1
TGCCGAGTCGATTGAC-1
CAATTTCTCTAGCAAC-1
CCGGTAGCATGGACAG-1
GGCTTTCCAGTAGAAT-1
GGCTTGGTCTGCATAG-1
CGTGAATTCGCCAACG-1
CTCCACAGTCCACTTC-1
CGCCATTAGTCGAGGT-1
GGAAGTGTCTCTGAGA-1
GGAACCCAGAGCATCG-1
CACGTGGGTGGTACAG-1
CATGCAACAAGCACAG-1
CACTGGGCATTAGGCT-1
CAAGAGGAGAACCGCA-1
GACAGCCGTCACCTTC-1
TGCTCCAGTAGAGGAA-1
GATCCCTAGATAACAC-1
GTCTTTATCATCTCTA-1
CACGGGTTCACAGTGT-1
GCACATACAAATTAGG-1
TTCCTAATCTTCACGC-1
CATCCGTCACAATGAA-1
ATAGACCAGAGTCGAC-1
CCCTAACTCGACTCCT-1
ACTGATGCATGAAAGT-1
GTCCACTTCATCGCAA-1
CGAGAAGTCGCTTGCT-1
TGACGCGGTACTCGAT-1
CATGCCTAGAACCGCA-1
TAACTTCTCCACTGAA-1
ATTTCACCATGTGCCG-1
ACCCTTGAGCACCGTC-1
AGCGTCGAGTCTGGTT-1
CATACCCAGATGGCAC-1
AACAACCGTTTCTATC-1
GAAGCCCAGAGTGACC-1
GGTAGAGAGTGATTCC-1
TCCTCCCGTCCTCATC-1
GCCGATGAGCCTGACC-1
TGTTCATAGACCTTTG-1
CTCTGGTTCGGACAAG-1
TGACTCCTCTTCGGAA-1
TGTTGAGGTAACCCTA-1
AGTCTCCCAGAATTCC-1
GTAGCTAAGGGCTGAT-1
TACTTACCATATGCGT-1
ATCCTATAGTGCAGGT-1
ATTCGTTCATGCGGTC-1
ATGGAGGAGTAAGAGG-1
AGTACTGAGACTTAAG-1
TACCTGCCAACTCATG-1
GTTGAACAGTTCCGGC-1
TGAGGAGGTACAATAG-1
GTAAGTCGTCCGCAGT-1
ATCCACCCATATTCGG-1
ACCCTTGTCACCTACC-1
TACTTCATCCCTGGAA-1
AGCCACGGTCCGCAGT-1
AGTCTCCGTCTACTGA-1
CAGATACGTATTGGCT-1
TCTTCCTAGGAGTCCG-1
CTACTATAGTCAATCC-1
GACGCTGCAGCTACTA-1
GGACGTCGTCATCAGT-1
TTTACGTCACGTTCGG-1
ACATTTCAGGCCTGCT-1
ACTATGGGTTGCGGAA-1
CTAACTTTCTCTCAAT-1
TCTTGCGCATTGCTTT-1
TTTGATCAGAGAATCT-1
TTTGATCGTATCAAGA-1
CAACCAACAGGTACGA-1
TCTTAGTGTGTTCAGT-1
AGAAATGTCACTCACC-1
ATCCGTCCATCCAATG-1
TACAGGTTCCTCACGT-1
TCTGCCAGTTATCTGG-1
CCTAAGACAGTAGATA-1
GGTAATCGTAGCCCTG-1
CAATACGTCGTGTGAT-1
TAACTTCCAAGTATAG-1
AATTCCTTCACAAGGG-1
TTGATGGAGGCTCTCG-1
TACCGGGCAATAAGGT-1
AGAGAATAGACTGTTC-1
AGGTCATCAGGAGACT-1
TGTCAGACAGGTCCCA-1
AGACTCAGTCCTGGGT-1
TAGACCATCACCGACG-1
AGAGAATGTGCTCTCT-1
GACACGCGTGCCTAAT-1
GATTTCTGTGCACAAG-1
AAAGGTACACCGGTCA-1
GTAAGTCTCCATACTT-1
AGTTCGAAGACTCTAC-1
TAAGTCGAGGTGCCTC-1
ACTTCGCCATGACGGA-1
GAAGAATCACGTCGTG-1
GTTGTCCTCGCGTTTC-1
AAGAACAAGTTTGGCT-1
GACGTTACAGAACCGA-1
AAGTACCTCACAATGC-1
ACTTATCAGACCGTTT-1
ACGTCCTAGAAGTGTT-1
AAGCCATAGTAGCATA-1
CTTACCGGTGTCTCCT-1
GTAGAAAGTTGTTGAC-1
AGGAATATCAGACATC-1
CCCATTGGTAATCAGA-1
CAGGGCTGTTACGTAC-1
TGGGTTAGTGGGTATG-1
GTACAACGTGGGCTCT-1
GTGTGATTCTTCCAGC-1
GGATGTTCACCAGCTG-1
TATATCCCAGAGAAAG-1
GCCATTCGTTCGGTTA-1
GCAACATAGCCTCAGC-1
AACAGGGGTACGTACT-1
GCCATTCGTCTACAAC-1
CTCTCAGCACAATGCT-1
CACATGACAATATCCG-1
ATGGTTGCAGTGACCC-1
TACGCTCCACGGCACT-1
AACAAAGCAATACCCA-1
CAGTTCCCACAGTCAT-1
TGACAGTTCATTGAGC-1
TCGCACTAGATTACCC-1
AGTACCATCTTACACT-1
AGGACGAAGCGCTGCT-1
TGAGGTTCACACCAGC-1
GATGATCAGGATCACG-1
TCGACCTGTAGAGACC-1
TGAGCATCAAACGTGG-1
ATCACTTTCTGCTTTA-1
ACACCAATCTATGCCC-1
TGTCCACAGGTTCAGG-1
TTACCGCAGTCATCGT-1
TGTACAGTCTGGACCG-1
GCAACATAGGGAGTTC-1
ATTCACTTCGTGGACC-1
CCTATCGCAAGAGAGA-1
GTTCTATGTGAATATG-1
TTTCGATAGATACTGA-1
TCGATTTTCTCTCAAT-1
CATTGTTAGGACGGAG-1
CGGGTCAGTTGGAGAC-1
GCACTAACAGCTTTCC-1
AAAGAACAGCCGCTTG-1
AATAGAGCACAACGTT-1
ACAGCCGTCTCTCTGA-1
ATTCCTACAGATCATC-1
CCTAACCAGGCCTGAA-1
TCCTGCACACTTCATT-1
GCCCGAATCGAGTCTA-1
ATAGAGATCTCCGATC-1
TGGTACAAGCTCCATA-1
TAACACGCACTCCACT-1
CTCTGGTCAACTACGT-1
TAGAGTCGTGGGTCAA-1
AAACGCTAGCAGTCTT-1
ATCCCTGAGCATACTC-1
ACATGCACACCGCTAG-1
CTCCTCCTCGAAATCC-1
TCATTGTGTGGAACAC-1
ATCACGAGTCAGGCAA-1
CGAGTGCTCACGGGAA-1
AGCTACAGTAGTGTGG-1
GTCAAGTCACATATGC-1
AACCCAAAGCTACTAC-1
AGCATCAGTATTGCCA-1
AGGAGGTCAGATAAAC-1
TGCGATATCGACATTG-1
TTCCTCTGTGACTAAA-1
GTCTAGAGTCGTGATT-1
CTAGACACATGACTTG-1
CATTGCCCAAGCTGTT-1
TTACGTTCAGATACCT-1
CACAGATCACCGTCTT-1
ACTTTGTAGCAATTAG-1
TCATCATTCACCTCTG-1
AACCATGAGAAGTCTA-1
TTACCATCACGTCATA-1
TGTGATGGTCCGGATC-1
ATTCCTAAGTTCTCTT-1
ATGCATGCACTGCGAC-1
GCTACCTGTGTACATC-1
CCACACTCATCCGCGA-1
GTTCTATGTCAGGTAG-1
GCCTGTTCACCATAAC-1
GGAGAACAGGGTATAT-1
ATACCTTAGGACCCAA-1
CACTGTCAGGGCAAGG-1
TGTGTGATCGACACCG-1
TGTTCATTCTCGGCTT-1
GTGGCGTGTCTCTCAC-1
CCCGAAGTCTCCATAT-1
GATTGGTTCTTCGATT-1
GCCAACGCAACACGTT-1
TGATTCTAGGCCTAAG-1
GACCGTGTCGGATAAA-1
GCGGATCCAATGGCAG-1
TTCAGGATCAGATGCT-1
AACCCAAGTCCAGAAG-1
GCGGATCCAGGTTCAT-1
TTACGCCTCGTTCAGA-1
AGCGCCACACTGCACG-1
TGATCTTAGACTCCGC-1
CTTACCGTCACACCCT-1
TCAGCAAGTTCGAGCC-1
AGAACCTTCCTCACCA-1
GGCGTCATCTGCTTTA-1
AGAAATGGTCAGTCTA-1
TCACTATCAAGAGTAT-1
CCTAACCGTAGACAAT-1
AGGTCTAGTGCCGGTT-1
CATTGTTGTACTCGAT-1
CTCAGTCAGTTAACGA-1
TGAGACTCAAGTATAG-1
GTGGAAGCAGGGATAC-1
TCATGAGAGGCTTAAA-1
GGCAGTCCAGAACTCT-1
TGTTTGTGTCGATTAC-1
ATCCATTTCTCCGCAT-1
GTCTCACCACGCTGAC-1
GTTTGGACAGTTGGTT-1
ATCGGATGTACGTACT-1
TGTAACGGTATCGCTA-1
CCTTCAGTCATCACTT-1
CTATCCGAGACTCAAA-1
TGCAGATAGGCATCAG-1
TTAGTCTTCACCTCTG-1
TCCACCAGTTAGGACG-1
AAGTGAATCAATCTCT-1
TGTCCCACACAGACGA-1
GAACTGTGTGCCTGAC-1
CTGCAGGGTAACTTCG-1
AGCCAGCTCGTACACA-1
ACCTACCAGCTTACGT-1
AGCCAATAGATGGCGT-1
TACATTCCAACGCATT-1
TTTACGTAGTATGATG-1
CTCAATTCAGGTGAGT-1
AGCTCAAGTAGATTAG-1
TGCTTGCCAGTTCACA-1
CCCTTAGGTCGCATGC-1
GCGGAAATCTACTCAT-1
AAAGGTAAGCGTTAGG-1
ATGGATCTCTCCTACG-1
CCGGTAGAGGTACAGC-1
CCTGCATGTCCCTCAT-1
CTACAGACAGAGTCTT-1
AACGTCAGTCCACATA-1
TGCTGAAAGACGCAGT-1
CCGATGGCAAAGGCAC-1
ATTCCATTCAGTGGGA-1
ACGTACAGTATCGAAA-1
AACGGGAGTAGTGATA-1
GCACTAAGTAGACGGT-1
GGGCTCATCAAGCCGC-1
AGACACTTCAAACGAA-1
AGATCGTCATCCGGTG-1
CCCTCTCCATCAGTGT-1
GTGGTTACATGTGTCA-1
CACATGAAGTGAGGTC-1
TGTAAGCAGATGCTGG-1
TTGACCCCATGACGAG-1
ATCACAGTCAGCTCTC-1
AATCACGTCTAAGCCA-1
TTCCTTCCAAAGCTAA-1
CGGGCATTCTCGACCT-1
CCTCAACGTGTTGAGG-1
TGATGCACAGTCAGAG-1
GTTGTGAGTTTCGATG-1
AGGTGTTTCATCACTT-1
CAGGCCAAGGTACTGG-1
CAGGTATTCTGTTCAT-1
TGTGGCGAGGCCCAAA-1
ACTTAGGCAATTCACG-1
AAGCCATCAGCCTTCT-1
TCATGGAAGGCAGCTA-1
CATGCAACACTTCATT-1
AACAACCCACGCTATA-1
TTTCATGCAGCACAGA-1
TTAATCCCAGACCCGT-1
AGAGCCCGTGTGTCCG-1
CTCTCGATCTTCCAGC-1
TAACTTCCACTCCTTG-1
TCATTACTCGTCTCAC-1
CCCTAACAGGTCCGAA-1
CATCAAGCACTGGCCA-1
CACATGATCTTGCAGA-1
GCCAACGCAATCACGT-1
TCTACCGCATGGGCAA-1
AGTGACTTCACAAGGG-1
CGAGGCTGTACTGACT-1
ATTGGGTGTCGATTTG-1
ACCAACACATACCAGT-1
CTGAATGGTGACTAAA-1
AACAACCCACAAGCCC-1
CCTCAGTCATGGCCCA-1
CTATCCGTCATTTGCT-1
CATTTCAAGTCAGCCC-1
TTGGGTAAGATGAATC-1
TCAGCAATCGTAACAC-1
AGACAAAAGGCACGAT-1
CACCGTTAGGTCGCCT-1
ATACCTTCATGCTGCG-1
ACATGCATCTACGGGC-1
TCAAGTGGTCATCGGC-1
CACGTGGTCGCATGAT-1
GAGCTGCGTATTGAGA-1
TGCATCCCATGTCGTA-1
TCGCAGGGTATCGAAA-1
TAGATCGAGCATCAAA-1
AAGCGAGTCGCATAGT-1
AAATGGACACCCAACG-1
GGGTCACGTCTGCCTT-1
AACCATGGTAGACTGG-1
GGTGGCTTCTACGCAA-1
AACAAGACACATATCG-1
GATAGCTGTCGCATCG-1
TAGTGCACAACCGCTG-1
TATATCCCAATTGTGC-1
ATACTTCCATTGTACG-1
CTGAGGCAGATGTTGA-1
TTCGCTGAGTTGTAAG-1
GCTTCACAGATAGTGT-1
AATTTCCGTGATACCT-1
GTAAGTCAGGTTGTTC-1
CACCGTTTCGCTCTCA-1
CATCCACAGCCATTTG-1
ACGTAGTAGCACTCTA-1
GCCAGTGGTACACGTT-1
GCCAGGTAGCAGCGAT-1
CTTGATTCACGACGTC-1
GTCAGCGCAGGCATGA-1
TCCTTCTCAATTTCCT-1
ACTACGACATCGGCCA-1
TAAGCGTTCACTGTCC-1
TCAAGACAGTACGTCT-1
AAAGGTACAGCAGAAC-1
AGGTTGTGTACGAGTG-1
ACTTCGCAGCCTCACG-1
TATCGCCGTTGCATGT-1
TACGCTCTCCGCTGTT-1
GAACTGTTCCTACGGG-1
CGAGAAGTCTTCCGTG-1
CCACCATTCGCGCCAA-1
TTTACGTCAATCGCAT-1
GACCTTCTCATCACAG-1
TGCTCGTCATGAAGGC-1
GACCCTTCACACGTGC-1
TCCTCCCTCTGCGAGC-1
AGGTCATTCGAACACT-1
CGCCATTTCTTCGGTC-1
GAGTTTGAGGACATCG-1
GAATAGACAACACAGG-1
ATTCTACAGACTTAAG-1
GATGACTCATTGCTTT-1
GGGTGTCTCCGGACTG-1
CGGCAGTTCAAAGGTA-1
CAACAACAGCAAGTCG-1
AAAGTGAGTGTGAGCA-1
CCTCAGTTCCAACCAA-1
TGCGGGTCATACTGAC-1
GAGTTGTTCCATCAGA-1
CAGTTAGCAGGCTACC-1
CGCCAGATCGATCCCT-1
ATACCTTTCTTACGGA-1
TTGCATTCAATTTCTC-1
GATCCCTTCCCTCTCC-1
CAGGGCTAGTCGCCAC-1
CCTAACCCAGGAGGTT-1
TGTTTGTAGGTGTGAC-1
AGATCCAGTCTCGCGA-1
TCCGATCAGTGATTCC-1
GGCGTCATCGCCTCTA-1
TGCATCCAGGGTAATT-1
GGTTCTCGTGCTAGCC-1
CGTAATGAGTCACACT-1
CTTCTCTCAACGGCTC-1
GAAGGACTCTTACACT-1
TGGTTAGTCATTTCCA-1
ATACTTCAGTGGATAT-1
CGAAGTTAGACGCAGT-1
AGGCTGCTCCGGTAGC-1
GCTCAAAAGGCCTAGA-1
TATCCTACATTGACCA-1
ATTACTCTCTCGTCGT-1
AGTCACAGTTCAGCGC-1
TTCCACGAGCACCGTC-1
CGTTGGGAGTCCCGAC-1
TTTGGTTTCTGTTCAT-1
AATGACCTCACCTACC-1
TGTCCTGTCCAGCCTT-1
ACCGTTCAGCTGACTT-1
TACTTGTCACTGTCCT-1
CAACGATCACCTGTCT-1
GTAACCAAGTCTACCA-1
ATAGGCTTCCCATAAG-1
TGTAAGCAGTAGCTCT-1
GATAGAAAGCCTGTCG-1
TCCACGTCAATCAAGA-1
ATTGTTCGTTACCCTC-1
TCAAGACCATCACCAA-1
TTGCCTGGTTCCGCAG-1
AACCCAAAGTAAAGCT-1
ATCGGCGAGGGACACT-1
CTGCCTACACAACGTT-1
TAGCACAGTACCGGAA-1
AACCATGGTGGATTTC-1
ACGATGTCATGGGATG-1
GAGTCTAAGGGCCCTT-1
GTCAAACAGCGACTGA-1
CATACCCAGACCAGAC-1
TGGGCTGGTTTACCTT-1
GGATCTAAGATTCGAA-1
ATTATCCGTTGCTTGA-1
TTGAACGCACCTGCTT-1
GGTTAACCATTACTCT-1
TGGGTTAGTAGGTGCA-1
GTTGTCCTCGGACAAG-1
GCATCGGCACCGGCTA-1
AAGGAATAGTTGTAAG-1
CTCGAGGCACCCTGAG-1
TGAGACTTCGCTATTT-1
GGAGGATAGTATGATG-1
GCGTTTCTCGCCTTTG-1
ATTGGGTTCCGTCAAA-1
AGAGCCCAGCTTGTTG-1
TACTTGTGTGTCACAT-1
CCTCCTCGTAGCCAGA-1
TGAGGAGTCTCCTACG-1
TTTCCTCGTCTTCGAA-1
CCAATGAAGCGTTACT-1
GAGTGTTTCCGGTTCT-1
CACTAAGGTCGTATTG-1
AGAAATGCAGCAGTAG-1
CTTACCGAGGCACGAC-1
GTAGGTTGTTAGTTCG-1
TACCTCGTCAATGTCG-1
CTATCTAGTCCAAAGG-1
CTCATTACACCGAATT-1
GTCCCATAGACGCATG-1
GCTGAATCAGTATGAA-1
TCCATCGTCATGCAGT-1
CAGAGCCTCATTACGG-1
ATTCACTAGACCAGAC-1
TTACAGGCAGGTCTCG-1
GATCCCTGTAACCAGG-1
TACAACGCATCATCCC-1
GATTCGAAGTTATGGA-1
GCACATACAGCTTTCC-1
TTTACGTGTACAGGTG-1
ATTCTTGTCCGTAGTA-1
ATTCATCCACGAAAGC-1
ATCGTGAGTACTTCCC-1
CCTCCAAGTCTCACAA-1
GATCACACACAATGAA-1
AATGACCCAGAGTGTG-1
GCACATATCTCTCGAC-1
TTTCCTCCAATTTCTC-1
CCACAAAGTTCCACGG-1
TCACGGGCACACAGAG-1
TGGGCTGGTGCTTATG-1
CAGATCATCTAGGCCA-1
AACGGGAGTGGAATGC-1
TGTCCCACATTCTCTA-1
CAGGCCATCAGTCAGT-1
TCTCTGGGTTATGTGC-1
GAATCACAGCATCCTA-1
CACCGTTTCGCCTTGT-1
GGCTGTGTCTTGATTC-1
TGGGAGAAGAACCGCA-1
ACTTATCGTTAGAGTA-1
GCTTGGGCATGCCGAC-1
GGCTTGGAGTCCGCGT-1
CTCAGAATCGTTACCC-1
TCCAGAAAGTCTTGGT-1
TGATGGTCAACGTAAA-1
TCATCCGAGGTTAGTA-1
AACCTTTCACTGTCGG-1
TTTCGATGTGTCTAAC-1
TCACGCTAGTTCTCTT-1
TCACGGGAGATACATG-1
TAATCTCCATAGAAAC-1
GCAACATCAAGGACAC-1
ACGGTCGTCTGTTGGA-1
CTCGAGGCACTCCGGA-1
GATTGGTGTGTTCATG-1
AAACGCTGTCATCGGC-1
AGGAAATAGTTGCCTA-1
GTAGATCAGACCCGCT-1
CGATGGCTCCTGTTGC-1
GTTAGACAGATGACCG-1
AAAGGGCCAAGGTCAG-1
TCTAACTTCGCTAAAC-1
CCCAACTTCCCGATCT-1
TCTACATGTAGTCACT-1
ATCCCTGTCATCGCCT-1
AGCTCAATCCGTGGTG-1
CGCCATTTCAAGTAAG-1
TACGTCCCAATGCAAA-1
CTAACTTGTGTCTTAG-1
GATTGGTAGCGTTACT-1
TCATGTTGTCCGTTTC-1
GACCCAGTCTACGGTA-1
TGCTGAACACGCGGTT-1
GTCCTCACACATACTG-1
GGGAGTAGTTGCTCCT-1
CGTCAAATCAAACTGC-1
AACGAAAGTGCGAGTA-1
ACACGCGCATCCGAGC-1
TGACTCCAGTGGCCTC-1
ACACAGTCACAAATCC-1
AGAACAAAGGTGCTAG-1
TGGGTTATCACCTCGT-1
ATGTCTTTCTAGCAAC-1
TCAGTCCAGTAACGTA-1
TCGCTCAAGAGGCTGT-1
TCTATCACAAGACCGA-1
TAGGTACCACCTAAAC-1
CAAGAGGCATGACTGT-1
AGGCTGCAGGCATTTC-1
CACAACAGTGTCATTG-1
ATCGATGAGTCCGCGT-1
ACTGTGACATCGAAGG-1
TGGTACATCAAGTTGC-1
GTGCTTCTCTAAGGAA-1
TCTGGCTTCACGATAC-1
GAGTTACTCACTCCGT-1
GTGTCCTTCGATCCCT-1
TTACCATTCCCTAGGG-1
TTGGGCGTCTTCGATT-1
CTCTCGAAGTTGTACC-1
AGCTTCCGTTCTATCT-1
CTACCCACAATACCTG-1
TTCCTCTTCCGACAGC-1
AGACAAAAGTTAGTGA-1
CTTCAATCATGGAACG-1
TGGATGTCAATCTAGC-1
CAGCGTGCAGGACGAT-1
TAGGTACCATAGTCGT-1
GCTACAAGTGAGCAGT-1
TTCGGTCCAATGTCTG-1
GGGTCTGAGCATAGGC-1
CTTCCTTTCCAACCGG-1
AACTTCTCACGGCCAT-1
GTGGGAAGTAGTCGTT-1
TGCACGGAGGGACACT-1
CACTGTCTCTGCAGCG-1
TAGCACACAAGACAAT-1
GCATGATCATGAATAG-1
CCACGAGTCTTGGCTC-1
TCTTCCTTCTGGGAGA-1
TGCTCGTCACAGTCAT-1
AGTGATCAGCGACCCT-1
GGGTTATTCCCATACC-1
AGGGTGACAGACACCC-1
GCACGGTCAATGCTCA-1
TTATTGCCAGAGTTCT-1
GTTCCGTCATTACTCT-1
ATGTCTTCAGATCACT-1
GGGTTATCATTCTCTA-1
TCACATTTCACTGGGC-1
CTCCCAATCACGGGAA-1
ACTCCCAGTCGCAACC-1
AATGGCTTCATTCGTT-1
CAACAACCATACAGAA-1
TGGTGATTCTTGGATG-1
ACCCAAATCTCTGCTG-1
CTCCAACTCCAAACCA-1
GATAGAACAGTCGAGA-1
GTCATCCGTGAGCTCC-1
CTACGGGTCCTCACCA-1
TACAGGTCAAGCCTGC-1
TTCCGGTAGTGCGACA-1
CAGATCATCTGAGCCA-1
CTAAGTGCAGGAACCA-1
ATGCGATGTGGCCACT-1
CACCAAATCCCAAGTA-1
CGGGACTGTTGGCTAT-1
TGTCCCATCACTGTTT-1
ACTTTGTAGATGCTAA-1
GTTAGACAGATCCGAG-1
TCAGCAAGTGACCGTC-1
GATCCCTGTCCGGATC-1
ACATTTCTCAACGCTA-1
GCGGAAAAGCGCGTTC-1
ATCGCCTGTCAATCTG-1
TTGACCCTCCATGCAA-1
TTACCGCAGGCTTTCA-1
CTTACCGAGTAGTCTC-1
AACAAAGTCTGAGGCC-1
GAGACCCAGCTGCGAA-1
TTACCGCCACAGAGCA-1
CTGAATGAGTTGAATG-1
CTCAGGGCAAGATGTA-1
GTTAGTGCAGGACGAT-1
TCGACCTAGTGGACGT-1
AAAGGTACAATCGCCG-1
GGAACCCTCAGTAGGG-1
CGCATAAGTTGCCATA-1
AGTCATGTCGTTAGTG-1
GAAACCTAGAGGTTTA-1
GAGTTGTAGACAGCTG-1
AATCGACGTAACAGGC-1
ACTTCCGCAGATTCGT-1
AATCACGAGAAATCCA-1
CCACGAGAGGATTACA-1
GAACTGTAGGCTCAAG-1
TACGTCCGTGCGCTCA-1
CCACGAGCAGATTAAG-1
GCCGATGCATTACGGT-1
AGCATCAAGACTTCAC-1
AGTTCCCAGTACTGGG-1
GCCCGAAGTCAAAGTA-1
CGTTGGGCAGCGACCT-1
TACTTCAGTAGCCAGA-1
ACTATGGGTTGCATTG-1
ATGGGAGGTAGTCTGT-1
TTGAACGAGGCACTCC-1
CAACAGTAGACGACTG-1
TGATCTTTCGCCTATC-1
ACTATTCAGCAAATGT-1
CCTCCTCGTACCGGAA-1
TCCTTTCGTGTTGCCG-1
CTCACTGGTATCCTTT-1
TTTACCACATGACTGT-1
GTCCACTGTCCGGTCA-1
AAAGGTAAGCTAATCC-1
CGGAACCTCCTATTGT-1
GAACTGTCACGGTAGA-1
CAACCAACAAGGCTTT-1
TGCTCCAAGATAACGT-1
CGTTCTGCAATCAAGA-1
AAAGTCCCAGTTCACA-1
ATTGTTCTCATGCCGG-1
GACCGTGAGTATTCCG-1
GCCAGTGCAACAGATA-1
TCGCTTGCACCGTACG-1
CTACCTGTCAGCCCAG-1
GACTATGGTTCCCACT-1
TCAGCAAGTTTCTATC-1
AGAACCTCAGCGGATA-1
ACAGAAAGTTGTATGC-1
TCGACCTAGCACCTGC-1
CATTGTTAGGAATCGC-1
CATACTTAGACGGTTG-1
TGAATGCTCATGACAC-1
AGGGAGTAGAAGCGGG-1
CTCAATTAGTCTAGAA-1
CCACCATCAGCGGATA-1
CCATAAGTCACACGAT-1
CTGTACCGTGACACGA-1
ACAGGGACAGAGCCCT-1
CATGGTACAATCGTCA-1
CATCCCAAGCAGTCTT-1
CCTACGTTCAAAGGTA-1
TACTTACTCCGAGCTG-1
TGAGGGACACTACAGT-1
TCAGGGCTCTGGAGAG-1
CATCGTCGTCGACGCT-1
GTGATGTTCGCCGAAC-1
CCACCATGTGTCGATT-1
CTCTCAGCAAGCTGCC-1
CTTCTCTGTAGCTTTG-1
GAATCACAGACGTCCC-1
TATGTTCCATTGGCAT-1
TGACCCTAGCCGAATG-1
TCTTCCTTCGAACGCC-1
GGAATCTGTGCCTAAT-1
CAATCGAGTCACTCAA-1
TATCTTGAGCAGGGAG-1
CCCGGAACATCCGAGC-1
CTACCCAGTGCTAGCC-1
ACCTGAACAGGGATAC-1
AAAGGGCCATACCACA-1
CTAAGTGGTTTCACAG-1
CCCTCAAAGCGACTTT-1
CCCTCAACAATCTAGC-1
TTACGCCAGCATAGGC-1
ATTATCCTCCCTTGTG-1
GGGTCACAGACATAAC-1
CATAGACTCATGCATG-1
GGGCTCAAGTTGTAAG-1
TTAGGGTTCTATCACT-1
TCATTCACAGCTTTGA-1
TTCCGGTCAGCTTCCT-1
TCTTCCTTCATTCATC-1
CATTCATTCCCTAGGG-1
GGCACGTGTAGCGCCT-1
TTTGTTGGTTACCTTT-1
GGGTAGAGTAGGCAGT-1
CTCCAACCACAACATC-1
TTTGTTGGTCATCACA-1
CGCCATTGTCGTCAGC-1
TCTGGCTAGACCTCAT-1
TACCGAACAAGACAAT-1
AGAAATGAGGTTCATC-1
GGGAGATTCCTACACC-1
GTGCACGAGTCCGCCA-1
CTCATGCTCTGGGTCG-1
CTCCTCCTCCTCTGCA-1
GTTGAACAGATGCTTC-1
TTCTCTCCACGCCAGT-1
AGTAGCTTCGAAGGAC-1
GCATCTCAGGCCACTC-1
GTCTACCCACTCCCTA-1
ATGCGATCACAAATGA-1
CTGTGGGGTCGGTACC-1
ATTTACCGTCAAGGCA-1
CTCCCAACAGTGCCTG-1
CGGGTCATCATGAAAG-1
GCAACCGTCCGATTAG-1
GCATGATAGCCTTTCC-1
TCAGGTATCGAAGGAC-1
AACCTTTGTGTCATGT-1
GGGTTATTCCACACCT-1
AGATGCTCAACGCCCA-1
GGACGTCTCATCACCC-1
AGCGCTGCACTAACCA-1
GACAGCCTCTGGCCGA-1
TCACGCTAGGTATCTC-1
TTCCTAAAGCCTATTG-1
GCTTCACCACAACATC-1
GGCTTGGAGCGGCTCT-1
GTCTAGAAGTGGACTG-1
CTTCCTTGTCATAGTC-1
TGGGATTTCTGTCGCT-1
TGGTGATAGACATATG-1
TCAATCTCAACCCGCA-1
ATAGACCGTGTTCCTC-1
CTCCATGTCCTCGATC-1
GCTACCTTCCATTTAC-1
CCTCAGTTCAACACCA-1
ACTGATGAGATGGCAC-1
AGTGACTAGATGTTGA-1
TTTGACTCAGTGTACT-1
ATCTCTAGTGTAGTGG-1
CTGTACCAGATGTTCC-1
GGTGTTAGTTGCATGT-1
CTCCACACAAGGATGC-1
TTTGTTGCACAGTCGC-1
CAGGGCTAGGTGCCTC-1
TCAGTGAAGTCGAAAT-1
ATGACCAAGATACCAA-1
CAGATCAGTCATAAAG-1
GAATCGTTCCCTCGAT-1
AGGTTGTAGGGAGTGG-1
CTCATGCAGGGTAGCT-1
ATCGTCCCAATAGTCC-1
ATGTCCCCATAGAAAC-1
TAACACGTCTCCGAGG-1
TGTAACGAGCAGATAT-1
GAAGGGTGTCGAGCTC-1
CCTCACACAGGTTCGC-1
AGCCAATCACTTTAGG-1
CATTTCACATCCCACT-1
GCCAACGTCAGACTGT-1
ATCCACCCAACAGCCC-1
TAGATCGAGTTGGACG-1
CTCCGATTCAAGTTGC-1
AAGCGTTAGCACCCAC-1
CGAGAAGAGAAACTCA-1
ACAGAAAAGTAGCAAT-1
CAGATACGTCAACCTA-1
GTCGTAACACTGCGTG-1
GAGAAATCAAATACGA-1
GGGTCACAGCTATCTG-1
CCCTTAGCATACCACA-1
TCCTCGAGTGCGACAA-1
TTCTTCCTCCGGCAGT-1
ACAACCAGTGCTAGCC-1
TTGTTGTTCTACGGTA-1
CACTGTCCAACAGCTT-1
GAGCCTGGTGATACCT-1
CCATCACTCACAACCA-1
AGCCAGCAGGAGGCAG-1
TGCAGTATCTATGCCC-1
GTTCTATAGTTCCGTA-1
TAACGACAGAATCTAG-1
TGTTCCGCATTCTCTA-1
TACCGAAAGCCACAAG-1
CCTCTCCCATACTTTC-1
TGGATGTCATCTGGGC-1
CAATACGGTCAACCAT-1
ACCTGAATCAAAGACA-1
TGATCTTCACATTGTG-1
TTAGTCTGTGAGTAGC-1
GCATCGGCATGATGCT-1
CTCATGCCAATTGCCA-1
TGAGGTTGTACCCACG-1
GGGACAAAGATGAACT-1
CGTGAATCACCTCTAC-1
TCCTTCTGTATGAAAC-1
CCTCATGGTTCTAAGC-1
TGGGCTGGTCCCTGTT-1
AGCTTCCGTTCATCGA-1
TGTTCCGCAATCGTCA-1
GTCACTCTCTGATGGT-1
ACTTTGTTCCTGGCTT-1
GTGTTCCTCGACGCTG-1
GCTGAATGTTCGGACC-1
AGTACTGGTTAAGAAC-1
TCAAGCAGTTTCGATG-1
CAAGACTGTCTTGAGT-1
ATCACGAAGGGTCACA-1
TTGAACGCATCTATCT-1
AGAACAACACTGTGTA-1
CTTCGGTAGACCCTTA-1
TTCTTGATCCGTACAG-1
AGGTCATCATACTGTG-1
CTGCAGGCATCGGATT-1
ATTCTTGCAGTGTGCC-1
CTCCTTTCAATGTCTG-1
AGTAGCTCACGACGAA-1
ACTATTCTCCTGGCTT-1
GAATCGTAGATTAGCA-1
CATCAAGAGCCTGGAA-1
CTCGAGGCATCGCTGG-1
ATGCGATCAGGGACTA-1
CTCCACACAGTTCCAA-1
CTAACTTGTGTGTGGA-1
GAATCACGTTGCTCCT-1
CACTTCGAGACAGCTG-1
TCATATCCAAAGGCAC-1
TTCTTCCGTAGAATAC-1
TCATTACCAGGCCTGT-1
CCACGTTGTAAGGCCA-1
GGAATCTAGGAATCGC-1
TCGGGACAGTAAAGCT-1
CGATGCGCAAACACCT-1
TGATTTCAGAATCTAG-1
TGTCCCACAATAACCC-1
GGTCTGGAGCACTGGA-1
GGAGGTATCGCTTGCT-1
CTGGCAGCAATCTGCA-1
GCCTGTTGTCTTGAGT-1
CATGCCTCAGTGACCC-1
TCGATTTGTCCACGCA-1
AATGCCATCACTGTTT-1
CCCTCAAGTGGTACAG-1
ATTTCTGAGGTACATA-1
ATCCTATCAGGCGAAT-1
ACTCTCGTCGGTTGTA-1
TGCAGATCAGCTCCTT-1
GGAATCTGTTGTGCAT-1
TCGGTCTTCACGGTCG-1
TTAATCCGTGTTAGCT-1
TATTTCGTCGACCTAA-1
TGCTCGTCACTTGGGC-1
CAATTTCTCAGTGTTG-1
CACGTTCAGCAGCCCT-1
CACAACACAGCGTTTA-1
AGATAGACAGATGCGA-1
CGGGCATGTTATGTCG-1
GACCCTTTCGTTCATT-1
TCCTTTCTCAAGATAG-1
GAAGCGACACGGAAGT-1
TTTGACTCAACCGATT-1
TTCCTCTGTGGGCTCT-1
GATTGGTAGTCATACC-1
GAAGCCCGTCTGCCTT-1
TTTATGCGTTAAACAG-1
GTAAGTCAGGCCACTC-1
CCAATGACAACTCCCT-1
GGCTTGGCATGGAATA-1
TTTCACATCAGCGGAA-1
ATGTCTTAGGACCCAA-1
GGGTAGAGTCGCTGCA-1
TTTCAGTTCGCTTACC-1
AAACGAAAGCTGACTT-1
ATCACAGTCGTTGCCT-1
CCGATGGGTGGGATTG-1
ACTTATCTCCCTCAAC-1
GAACACTAGTAGTCTC-1
TGGGATTTCGTGGCGT-1
CAGCAATCACTGCGTG-1
GACTCTCTCTCGCCTA-1
TGCTTGCAGCAGCCCT-1
GGGTCTGTCTAGACAC-1
GATTCTTCATATCTGG-1
TGGAGAGCACCTTCGT-1
CAGGGCTCAGTAACGG-1
ATCGATGCAAGTCGTT-1
GGGCTACTCGCTGATA-1
TGCTCCATCATTCACT-1
CTACCCAGTGCGGATA-1
ACAAAGATCGAGCCAC-1
AACGGGACAGCTCGGT-1
AGGCTGCTCGCTACGG-1
GTCGAATCAATTCTTC-1
TGTTGAGAGTACAGAT-1
GTAGTACCATGTAACC-1
TGCTCCACAATTGAAG-1
GTGTTCCCATGGGTTT-1
CCCTTAGCACCCATAA-1
TGGTGATCAGTTAGAA-1
AAGACAACAAGTTGGG-1
TTTGTTGAGCCGTTAT-1
CGAATTGGTACTCGTA-1
ATCGGATAGTTCCATG-1
TGTTACTAGCACTCCG-1
ATTACTCTCGGTCGGT-1
GTAGGTTCAGGGCTTC-1
CAGATACCATGCCGAC-1
GATCCCTGTTAGAGTA-1
GTTGAACCATTCTGTT-1
CAAAGAATCCGGCAAC-1
CTCCTTTTCACGGTCG-1
CTCCAACCACAGCTTA-1
GCCAACGGTGAGATTA-1
TCCCATGAGTAAACAC-1
ACTTATCAGATGCAGC-1
AGGGCCTGTTCCCAAA-1
CGAGGAAGTTCTGACA-1
AGCGCCACATCCCGTT-1
CCGGTAGGTTCAAAGA-1
GTGTCCTTCTGATGGT-1
CCACAAATCAGGGATG-1
GTTGTAGAGTCACACT-1
GCAACATAGGATGGCT-1
CAAGGGACAGTTGGTT-1
AGTAGTCCAGTATACC-1
CCCTCTCTCCCTCTCT-1
AGAAGCGGTGTGAGCA-1
CAATCGAAGCATGAAT-1
TCAGCAACACCAGCTG-1
TGAGGGACATCATTGG-1
ACTATTCCAATACCCA-1
AAGCGAGAGGGTGGGA-1
CTCTCAGCATCAGTGT-1
ACTGTGAAGAGAGCGG-1
TTCTTCCAGAGAATCT-1
CCGCAAGCAATTTCTC-1
CATCAAGAGTTCACTG-1
GTTACGACAGAAACCG-1
TCCTTCTGTGATTCTG-1
CTAACTTCAATACAGA-1
GTCCTCAAGTCTAGCT-1
TGATCTTGTCACTCGG-1
GTTGCTCCAGGGAATC-1
ATGATCGGTCAGACTT-1
TTACCATAGCGGTATG-1
TCTGGCTGTATAGCTC-1
TTGTGGACATGAATCC-1
CGTAATGCACAAATGA-1
TACCCGTTCTCTGACC-1
ACTTCGCAGTCATGCT-1
GCCCGAATCCTGGCTT-1
AAGTCGTAGTCTGGTT-1
CTTAGGACAAGGCCTC-1
AAGACTCTCCAGCTCT-1
CTCCTTTGTAGCGAGT-1
ATACTTCCATTCTTCA-1
TAGCACAAGGCTAGCA-1
CCTTTGGTCTGCGATA-1
TGCTTCGGTTGGCTAT-1
AGAACAAAGTACGTCT-1
ATTTACCTCGCGTTTC-1
CACACAAGTCGCAACC-1
GTGCTGGTCGTGCGAC-1
CATAGACCAAGATGTA-1
TATATCCTCTAGCCAA-1
GATAGCTCACCGCTGA-1
GAGCCTGCATGCGTGC-1
AGCGCCAAGAATTGCA-1
CAGCAATCACGACAAG-1
TCTATACGTTGACTAC-1
ATAGACCGTACATACC-1
GACTATGGTGCACAAG-1
ACATGCAAGAAACTCA-1
GGGAAGTAGCGTGTTT-1
CAGTGCGGTATCGTGT-1
GTTATGGTCAGACCGC-1
TAATCTCAGTAAACTG-1
GGTGATTTCAGGCGTT-1
GCATGATGTTCATCGA-1
GTCACGGCATATACCG-1
GCTTCACTCTGGGCGT-1
TGCTCCAAGTAATACG-1
GTGAGGATCTTCACGC-1
GAGAAATAGTTCTACG-1
TTGATGGCAATCTGCA-1
CCACCATAGGTCGTCC-1
CTTAGGACAGCAGACA-1
TTGCTGCGTACATACC-1
GGGTTTATCTCATGCC-1
ACGGAAGTCTGCTTTA-1
CTGTAGAGTTGACTAC-1
GACATCACACATCATG-1
AGTTCCCTCCTCTCTT-1
GAGCCTGGTCGCTTAA-1
TCTCAGCCATTGCCGG-1
AACTTCTGTAACGGTG-1
TGTACAGCATTCTTCA-1
GTCATGACACAGTGAG-1
CTCTCAGCATTGACAC-1
CCCAACTCAAACACCT-1
GCCTGTTAGCAACTCT-1
CGGTCAGCACTATGTG-1
AATCGTGAGTATCTGC-1
TCCATCGGTCTTAGTG-1
TTGCCTGAGCTCCCTT-1
TGGTTAGAGAGCATTA-1
TAACGACAGGTTTACC-1
GGGTTATCAGAGGGTT-1
GACTCAACATGACTGT-1
ACCTGTCTCCAACTGA-1
ATGGATCCATCTAGAC-1
TCGCTTGAGTTAGTGA-1
ACGGAAGCATCCGTGG-1
AAGACAAGTTGGGATG-1
TAAGCACGTAATTAGG-1
GCCTGTTCACATTACG-1
CCACAAAAGTACAGAT-1
CGGGTCATCTCAACCC-1
TGATCTTAGGCCATAG-1
GCTACCTAGGTACAAT-1
CAAGAGGAGCGATGGT-1
TGTCCCACAGGAATAT-1
TAGAGTCCACCGTCGA-1
AGAAGCGTCCGGCAAC-1
ACCCTTGGTGTATTGC-1
GACACGCTCCTCTAGC-1
AAGATAGAGGTAGCCA-1
GCTCAAAGTGATCATC-1
GAGTCATTCTGAATGC-1
TCGTGGGGTGGATCGA-1
CCTTTGGTCTTGGGCG-1
AACAACCTCATTTGCT-1
GGGCCATAGTGATTCC-1
TTGGGCGAGCGAGAAA-1
AGTGTTGGTGCCCTTT-1
TCACATTGTGCGGTAA-1
CAGCAATCACACCTAA-1
CAGATTGCACTCCTGT-1
AACCACACAAGGCCTC-1
GTTCCGTGTTCGGTTA-1
CCTGCATGTATAGGGC-1
ACCACAAGTGCAACGA-1
GTGTTAGCATGGAGAC-1
GTGCTGGGTGGCACTC-1
AGAGCCCCACGCAGTC-1
ACTCTCGGTGACTAAA-1
GCACGGTGTCAGACTT-1
GTGCTGGCAAATACGA-1
CATCCCAGTTAGGGAC-1
GAGACTTGTACCGGCT-1
TGGGATTAGTAGGCCA-1
GTCATGACATACAGGG-1
GAGATGGTCCGGACTG-1
CTGTACCGTCGCACAC-1
AGTCACATCGCAAGAG-1
ATCACTTTCCCTGTTG-1
ACGTTCCTCATTTGTC-1
ATGAGTCGTTAGGCTT-1
CTTCCGAGTCTTCGAA-1
CTTAGGAAGCACGATG-1
TCACACCCACAAATGA-1
ACTTCGCTCGTAGAGG-1
TCGAACAGTAAGTCAA-1
CCCTCTCGTACAGCGA-1
CTTAGGAAGGTAGATT-1
CGTCAAAGTCGTCAGC-1
ACGCACGCATAATGAG-1
ATACTTCTCCCGAACG-1
TAGACCAGTGCCGTTG-1
GTTCATTCATGGAATA-1
TCATGTTTCATGCTAG-1
TACTGCCAGGATATGT-1
ACGTACAAGTGACACG-1
CATTCATCATGGCCAC-1
ACGGAAGCAATGGCAG-1
GGGTTTAAGCACCGTC-1
CCTGCATTCGAGTCTA-1
AATGAAGCAGACCAAG-1
TCCTTTCTCACACCGG-1
ATCTCTATCCAAGCCG-1
CTCCACATCCCTCGTA-1
AGTCACAGTTGTTGTG-1
TTCACCGAGTCGCGAA-1
ACCCTTGTCGCTGTCT-1
AGTCATGGTCCTCATC-1
GGTGAAGTCGCCAGAC-1
AGCGTATAGCTGTGCC-1
GATGATCAGAGTTGAT-1
CCTGCATCAAACCATC-1
GATCCCTTCTTCTTCC-1
TTCTCTCAGTTGTACC-1
AGCTCAAAGAAACTGT-1
GAGGGTAAGATCGGTG-1
TTGACCCAGAGGTCAC-1
GCCTGTTCACGTTGGC-1
CATAGACCAACTCGAT-1
CATACTTCATGCTGCG-1
GGCGTCAGTCATTGCA-1
AGGAGGTAGACATCAA-1
CATTCATGTACCAGAG-1
ACTTCGCCAGCTATAC-1
CATAGACTCAAATGCC-1
AGTTAGCCAGCCTACG-1
CATTGAGTCTTAGGAC-1
TGAGCATAGGGACAGG-1
TTCTCTCGTTCAAAGA-1
TTTGACTGTCAGGTAG-1
GGTAGAGGTTATTCTC-1
ACTATCTGTTAAGACA-1
TCCCACAAGGTTAGTA-1
GTACAGTCATAGCTGT-1
GTCCCATGTCATCGCG-1
TCGGGTGAGTGCACAG-1
TTCCACGGTATTCCTT-1
TCATATCTCGCTACAA-1
AACCACAGTAGAATAC-1
GCGGATCAGACTCATC-1
TCGGGCAAGGGATCGT-1
TGCTCGTCAAAGAACT-1
CATCCGTCACAGCCTG-1
GGCTTGGCATGGGATG-1
CATAGACGTGCCGTTG-1
GCAGTTAGTGGGCTTC-1
GGCAGTCGTTCTCAGA-1
TCATTCATCATTACGG-1
AATCACGCACATACGT-1
CACGTGGCAAGCCCAC-1
CACGAATTCGATGCTA-1
CATTGCCTCTTCCAGC-1
AGGGTGATCGCCTCTA-1
CGTAAGTCACCATAAC-1
CAGGGCTGTCGTATTG-1
TACACCCAGCATGCGA-1
TGTGCGGAGGTGGCTA-1
TCCTTCTAGCCAGAGT-1
TGTTGAGTCTCACTCG-1
GACTCAATCCCTCTCC-1
TTGCGTCAGTGAGGCT-1
CTTACCGCACCAAAGG-1
TACAGGTGTGTCCACG-1
TGTCCACCAGACGATG-1
CGCATGGCAGGTTACT-1
GATAGCTTCGCTTGCT-1
TCAAGACCAGCTCATA-1
CTGCCTATCCATCGTC-1
ACATTTCTCGTTCCCA-1
CAAGCTACATCACCAA-1
GACCAATCAGCGAGTA-1
TCACTATCAATTCTTC-1
CCTACGTCAAGTGTCT-1
CGTTGGGGTTATGTCG-1
GACGCTGCACTAGGCC-1
TACAACGGTAAGATCA-1
GGTTCTCTCTCCCAAC-1
TACTTACCAGTGACCC-1
CAACAGTTCTGGCCGA-1
AGGACGAGTTGCATGT-1
CACCGTTAGGCGTTGA-1
TTCATTGGTTCCAGGC-1
CGATGCGAGGAAGTAG-1
TGGTAGTAGCGCGTTC-1
ATTCAGGGTTAACAGA-1
TTCATGTGTTTAGACC-1
CCTCTAGTCCCGTAAA-1
TGGTGATGTAACGATA-1
ACCAACAGTCGTGTTA-1
TCATACTTCTGTCCGT-1
CAACAGTTCCATTTCA-1
TGCTCGTAGGGTCTTT-1
GGGAAGTGTGACGCCT-1
GTGCGTGAGAGTACCG-1
ACGGGTCGTGCGAGTA-1
AATCGTGGTTCTTCAT-1
AGGACTTCATGGCTGC-1
CACATGAGTATTGAGA-1
TTTCCTCCAAACCGGA-1
CTCCATGCAATGCTCA-1
AACCTTTCACGACCTG-1
ACCCAAACAGCACAAG-1
AGGTCATCAGCTGGTC-1
ACGGTTACAATTGGTC-1
TACTGCCGTCAAGCGA-1
GATCATGAGGAGCTGT-1
TCACGGGGTCAAGCCC-1
ATGTCCCTCCAGCAAT-1
ACTTAGGCAGATAAAC-1
GACCAATAGTATGATG-1
AGGAGGTTCCAACTGA-1
ATCCCTGCATAATGAG-1
CATCGGGTCCCATACC-1
CTCAGGGTCCTTCACG-1
CTGAATGTCCATTCAT-1
CACCAAATCGCTATTT-1
ACTTTGTTCATTACCT-1
GTTAGACGTTGTGCCG-1
CCATCACAGAAGCCAC-1
ATGTCCCCAACTCGTA-1
GCTTGGGTCTTCGCTG-1
GCCTGTTCATCGAACT-1
TTGGGCGCAGCGGATA-1
AATCGTGGTTGTATGC-1
GACCGTGCACTTCCTG-1
TTCACCGAGGCATCGA-1
GAGTCTAGTGCCTAAT-1
ACGGTTAGTCCTCCTA-1
CCTCTCCAGGACTGGT-1
CATACCCGTCAAGCCC-1
TCTGCCAAGCATTGTC-1
GTTCGCTCACAAATAG-1
CTCCTTTTCCCTCTTT-1
GGTGATTCATCGCTCT-1
GCCATGGTCCTCATAT-1
TGTTCCGAGGTCGTCC-1
AGGACTTAGGCTGTAG-1
GTTTGGAAGTATGATG-1
ACCATTTCACTGGAAG-1
TCAGGGCTCATCTCTA-1
AGACACTCACATTGTG-1
CCCTAACAGTATGAGT-1
CTAGGTATCAGGGTAG-1
TTGTTTGGTGTTCGAT-1
GACCGTGCACTTCTCG-1
ATTACCTAGTGCCTCG-1
TAAGCACCATACCGTA-1
TCTAACTTCAGGAAGC-1
TTGGTTTGTCCTTTGC-1
GCCATTCTCGTCGCTT-1
ACAAGCTCATCCGGCA-1
GAAACCTTCTTCTTCC-1
CGTTGGGCATTGACTG-1
CATTCTACATGACTTG-1
AGAAGTATCTTAGTTC-1
AGCCAATGTGAAGCGT-1
GACTATGAGGATCACG-1
TGCATGATCTTCCAGC-1
TGCAGATAGCATGGGT-1
GCTTGGGAGCTGGAGT-1
AGGCTGCAGCACACAG-1
TGCATCCAGGCTTAAA-1
CACTGAACAGAGTGAC-1
GAGTCATCAACATACC-1
ACGTAACGTAACCCGC-1
CCTCTCCAGCCTCTTC-1
ACTACGAGTAGCTCGC-1
ACGGTTACAGTCGGAA-1
TCTATACGTCAACATC-1
TCGATTTTCGCAGTGC-1
TGCGGCAAGGCTCTAT-1
GATGACTAGGTCACCC-1
AGCCAATTCCCATAAG-1
TAGGAGGCAGGCGATA-1
GATTGGTCATCACCAA-1
CTACATTCAAAGACGC-1
GTAATGCCAGGAAGTC-1
CTTGAGACAACTGAAA-1
TGTTACTGTTACACTG-1
CACGTGGAGAGGGTCT-1
TTACCGCAGCAAATCA-1
TCATCCGTCGTTCATT-1
CGCAGGTGTGCTTATG-1
GTAACCAAGGAATTAC-1
CGCATGGGTCTCTCTG-1
ACTGTCCGTCTCGACG-1
CCTACGTAGCAGTCTT-1
GTTGCTCTCGTAATGC-1
TCAATCTCACGGCACT-1
GGTGTCGCAATAGTGA-1
ACTCCCAAGTCAACAA-1
CCTTTGGGTACGACAG-1
GTACAACGTACGCTTA-1
CATAGACGTACGCTTA-1
AGCGCCAGTACAGAGC-1
TATCTTGGTGGCCCAT-1
TAGACCACAACACAGG-1
GTAGGTTAGTCCCTAA-1
GCGGAAAAGGCGACAT-1
GTGGCGTCACCGCTAG-1
GGTAATCCATAAGCGG-1
CATCCGTCAATATCCG-1
CTGCGAGAGGAGTCCG-1
TATTTCGCATGGAAGC-1
GGGCCATTCACAGTGT-1
CACAGGCAGAGCGACT-1
ATACCTTCACGCGTGT-1
TGCAGGCGTACCGCGT-1
GTCCTCACAGTTGCGC-1
ACGGTCGGTATACCTG-1
CGCGTGATCACAGTGT-1
TACAACGGTCACGTGC-1
GATCCCTCAGTCCGTG-1
CTGTGAAAGTAGAGTT-1
TTAGGGTCATCTCATT-1
TGGATGTAGCCTTTCC-1
TGGAGAGTCGTTCATT-1
CATACAGAGAATGTTG-1
AGGGTCCCATCTTCGC-1
TCATTCAAGTTTCGAC-1
CCGGTAGAGGCAGGTT-1
CTCCAACTCATAGAGA-1
CATGCAAGTACAAACA-1
GTTGTCCAGAAATTCG-1
CATTCCGGTGAGTAGC-1
GACCAATGTGGTACAG-1
CACCAAACAGCCGTTG-1
CAGCCAGCATGGTACT-1
ATTGTTCCAGATCACT-1
AGTGCCGAGTAGATCA-1
AGGACTTAGAAGCGGG-1
ACGATCAAGTTCGCAT-1
CTTCCGACAGCACAAG-1
ACCTACCCAGGGAATC-1
CAAGACTCATGGTGGA-1
CAATACGGTGATGGCA-1
ATGGTTGAGTCTTCCC-1
TAGTGCACATGCACTA-1
ACCAAACTCCTCTAGC-1
TTGCATTTCCATTTCA-1
AGTTCGAGTGTCGCTG-1
TAGGTACAGCTGCGAA-1
ACAGAAAAGTGGAAGA-1
CACTGAAGTGTCTTAG-1
AACTTCTCAATTGTGC-1
AACAAAGCAGCGTATT-1
CATGAGTGTCGAGTTT-1
CTGTATTCACTGGAAG-1
CCTTGTGGTTCTCCCA-1
AGTCACACAACCAACT-1
GCCTGTTCACTGTCCT-1
ATTCATCTCCGTTGGG-1
AAGCGTTTCACAGTGT-1
CATACCCTCCGTAGTA-1
TTCCTAAGTTACCTGA-1
TGAATGCCATAGCACT-1
AAACGAAAGCACTAGG-1
TCAGTTTTCTTAGTTC-1
GTATTTCTCACCTCGT-1
TACGGTAAGTACGTCT-1
GAACGTTAGTATGGCG-1
ACGATGTTCTTGCGCT-1
GCTCAAATCCTCACCA-1
GATTCGAGTTGCGTAT-1
TGCAGGCTCCAATCTT-1
GATGATCTCAGGTAAA-1
GTAGAAACAAACCGGA-1
TTTGATCAGCTGCGAA-1
GGGAGTAGTTGGGTTT-1
TTTGATCAGCTGGCTC-1
ATCACAGAGATGAAGG-1
CCACAAACAGGATTCT-1
AGCCAGCGTGCAACAG-1
AGCCAGCTCACCTTGC-1
CTACCCAAGTCTGCGC-1
CATGCGGAGAAGGATG-1
GTAATGCCATGGCTGC-1
AGGGCCTAGGTAGCCA-1
ATGTCCCTCATTTGCC-1
TTCTTGATCTCAACCC-1
CTCAAGACAGGTTTAC-1
CCTGCATGTGCCTAAT-1
TCACGCTCACTCATAG-1
CCTTCAGTCCGACAGC-1
TGGAACTCAGTGTGCC-1
ATTCAGGTCCTACGAA-1
GAGTGTTGTATAATGG-1
CTGCATCCACGGCCAT-1
CCTCTAGGTGATTAGA-1
GGTGGCTCATAATCCG-1
TGTAGACTCCGGCTTT-1
ACATCCCAGGGTTGCA-1
ACACTGAGTGTATTCG-1
ACACTGAAGTCCCAAT-1
TTGTTTGTCTGTAACG-1
CGTCCATTCCGCAGTG-1
GTTAGTGCAGACACCC-1
CATCCCAGTCCTCCAT-1
CCCTTAGTCACCTACC-1
CTTCCTTAGATGCCAA-1
CATCCCACACTTGAGT-1
TTCGGTCGTTGCTCGG-1
AGACTCAGTTCAATCG-1
GCGAGAACAGAGGACT-1
CTCCTTTAGTTTCGGT-1
CTGAATGGTTCTTCAT-1
GTAACACGTGGACTGA-1
GCCAGTGAGTCTACCA-1
ATCGATGTCGCATAGT-1
CCGGTAGCAATTGCCA-1
CCGTTCAAGCGTCAAG-1
GCAACCGAGTCATCGT-1
ATCGTCCTCGTCCTTG-1
GGGAGTAAGAATTGCA-1
TTGGATGGTTTCTTAC-1
GACCAATCACATACGT-1
CTCCACAGTCTGCAAT-1
TTGTTCACATACCGTA-1
TTACCATGTGTCTAAC-1
TTCGATTCAGGAACCA-1
GTGCAGCGTTATCCAG-1
ATCGGCGTCACCTTAT-1
CTTAGGACAAAGGATT-1
GACGTTAAGTGAGCCA-1
GTGCACGGTCTTACTT-1
CCTCTAGTCGCAGTGC-1
TATTGGGTCCGGCAAC-1
CATGAGTAGTAGCTCT-1
ATTTCTGCATATCGGT-1
GGGTGAACACTCTAGA-1
CGATGGCAGTCACTGT-1
GGTGAAGTCCTTCTGG-1
AGTAACCTCTGAATCG-1
AGGAATAGTTGCAACT-1
TCGACGGGTGAGCAGT-1
GGATGTTTCATATGGC-1
GTCGTAAGTACGGTTT-1
AACCACAAGCTGGCTC-1
CTACCCAAGGGTACAC-1
GGGTAGAGTAGCTGTT-1
AGTTCCCCATTACTCT-1
CTGGTCTTCCACACAA-1
AATCGACCATTGCCGG-1
ATGTCTTGTCTCTCAC-1
CAATTTCGTACTGCGC-1
TGAGTCACAACAGAGC-1
CAGAGCCGTAGATGTA-1
CACGGGTCAGTCTGGC-1
CTTGAGAGTTCAAAGA-1
TGTTGAGGTGGCCCAT-1
GGGACCTTCCACAGGC-1
TTGTGTTAGGAAACGA-1
GAATCACGTGTTTGCA-1
TTTGACTAGGAACGCT-1
GGTAACTCATCCTTCG-1
TTCTCTCTCGGCAGTC-1
GTAACACGTATGCTTG-1
ATCGTCCCAAGTCCCG-1
AATCGACGTCATCACA-1
AGCGCTGTCGTTGCCT-1
TTCCGTGGTTAGGCTT-1
ACGTCCTCAATCTCTT-1
GGTGATTTCTGCACCT-1
CTATCTATCCAGTGCG-1
ATGCGATTCTAAGAAG-1
TCGCTTGAGGTTCTTG-1
GGCACGTTCTAGGCCG-1
TGGAGGAAGAGTCTTC-1
CGTCAAATCCTATTGT-1
GCCATTCAGAGCAACC-1
CATGCAAGTTACACTG-1
TCTATACAGACGGATC-1
TTACGCCGTGACCGTC-1
TCCACCAGTATTGGCT-1
CCTGTTGTCTCATAGG-1
TGCTCCACAGTGTACT-1
GAGTTGTTCTTACGGA-1
CCTGCATCAACGCATT-1
ATCCCTGTCGACACCG-1
CCTCTCCTCTGTGCAA-1
ATCTCTATCATTTACC-1
GGAGCAAAGTGACCTT-1
TACTTGTTCGATGCAT-1
TCAGTGAGTAGCGTTT-1
AGGCTGCCAGACAATA-1
TCCTCCCAGTGCGCTC-1
TCGCACTCAGCTATTG-1
GGTGGCTGTGAATGAT-1
CGGAACCCACGTAGTT-1
ATCCCTGAGATTAGAC-1
ATTCACTTCTACTATC-1
CATACAGGTAGTGATA-1
GTGGTTAAGTCATGCT-1
GCAGGCTCAATGGGTG-1
GAACACTGTCACGACC-1
GCATCTCAGGCTCTAT-1
GAACACTCAGACATCT-1
GTCATTTAGAGAGTGA-1
CAGATACCAGGGCTTC-1
GCAGCCACAACACTAC-1
TGAGGGAAGTTGGGAC-1
ATCATTCAGTGAGGTC-1
GGGATGATCATTGTTC-1
TACGCTCCACACGGTC-1
TCGAACAAGCTTCATG-1
TTGCGTCCAACCCGCA-1
CAACAGTGTCCCTCAT-1
TTGGGATCACAATCTG-1
CATGCAAAGACAAGCC-1
TGACAGTGTGGCACTC-1
AAGATAGAGGTGCGAT-1
AAGCGTTAGAAATTGC-1
CCAATGAGTAACACCT-1
GTCAAACCAAAGACTA-1
TCATGCCCATGTGGCC-1
CCCATTGGTGAGTGAC-1
GATGGAGGTATTAAGG-1
ATCCACCTCCATAGGT-1
TCTGCCACATAGTCAC-1
GACCAATCACGCTATA-1
AACAGGGGTCATAGTC-1
AAATGGAAGACTGAGC-1
ATCGGCGGTTCAAGTC-1
GTTAGTGTCGGCTGGT-1
CATGAGTGTCTTGAGT-1
TCCTCGATCTGGACTA-1
TCAGTGACATGCCGCA-1
CGTCCATTCTATCGCC-1
ACGGTTAGTACAAGTA-1
GAAGGACGTTCCTTGC-1
TTACCATCAATACGCT-1
GTGAGCCGTCTACAAC-1
TCAATCTGTTGTTTGG-1
ATGGGAGTCCGCATAA-1
TGGATCAGTTTCTATC-1
TTCGCTGCATTACTCT-1
TCTATACGTTATGGTC-1
GAAGCCCGTGATACCT-1
CAGATACCAGTTCACA-1
TTTGGTTCATCCTTGC-1
AGGGTTTCATGTACGT-1
CCGGACATCGCCTTTG-1
TATCTTGAGGCCTAGA-1
AAACCCAAGCCGTTGC-1
GAATCGTTCCATTCAT-1
TATATCCTCAATCAGC-1
TCTCCGAAGTAGACCG-1
CATCGCTGTTACAGCT-1
CCCTCTCTCGTGGTAT-1
GCACATAAGGGCCCTT-1
ACCGTTCGTCCGCAGT-1
TTCCTAAAGGTCCGAA-1
TTTGACTGTCACTCAA-1
ATAGGCTCACACAGCC-1
TAGTGCAGTGTGACCC-1
AATTTCCAGGTACATA-1
TTGTTTGCATCTCCCA-1
TTGATGGCACGTCTCT-1
CACTGGGAGTAGGGTC-1
GCCTGTTCACTACTTT-1
AGACAGGCATAGTCAC-1
TTGTTCAAGTATGAGT-1
TGTCCCAGTATTCCTT-1
CTCCCAAGTCTCCCTA-1
CTGCAGGCACTTGAGT-1
TCCACCAAGGGCATGT-1
AATGACCTCCTCACCA-1
AAGAACAGTGCTTATG-1
CAATGACTCCTGCCAT-1
TATCTGTAGCTTCGTA-1
TACCGAATCTTCCACG-1
TATCGCCTCTATGTGG-1
CTGGTCTCAGGTCCGT-1
AACCACATCAGGACGA-1
TGCTTCGTCTTTACAC-1
CCGATCTTCAGCAATC-1
CACATGACACACTGGC-1
CTGTAGATCTCGCAGG-1
TGTTTGTCAACATCGT-1
CTGCCATGTCGTCTCT-1
GTCTCACCACATTCGA-1
GATAGCTAGTCATACC-1
CTGCATCTCTCTAGGA-1
ATTACTCTCCATACAG-1
ATCACGAAGGGCAAGG-1
GGTGATTTCGTTGTAG-1
AATCGACGTTCCTACC-1
GTGGCGTTCCCGAATA-1
AAAGTGAAGGGTGAGG-1
CTGATCCTCTGGTGAC-1
TCCATCGTCGCTTTAT-1
ACTATGGCACAGCGCT-1
AGGGTCCCACGCGGTT-1
AAAGTGATCCACGGGT-1
CTTCCTTAGTCTACCA-1
GCTACCTAGTGTAGAT-1
ATTCCTAGTGGCGTAA-1
AATCGACCAGTATACC-1
ATACTTCAGCATGAAT-1
CCCAACTCACCACTGG-1
GAGTTTGGTTATCCAG-1
TTGGATGCAGCCGTTG-1
TGATGCATCCCATACC-1
GGGACCTTCTTGGTCC-1
AGCCAATTCAGACTGT-1
ATGAAAGCAACACACT-1
CTGCTCACACTATCGA-1
TCCTTTCCAACCCTCT-1
TATCAGGCACACCTGG-1
GATCATGGTCTACGAT-1
TGTTCCGGTGACCGTC-1
AACACACGTCACCCTT-1
AACCATGCATTCTTCA-1
GTTACCCCATGACGGA-1
TTTGGAGGTAATACCC-1
TAATCTCTCAAACCCA-1
CGGGCATAGATGGCGT-1
CGATGGCAGGGCGAGA-1
AAAGGATGTGTATTGC-1
TCCATGCAGGCTCACC-1
ACAGCCGGTGGAACCA-1
ACATTTCCAACCAACT-1
TCACTATAGACCATAA-1
CATACTTGTAGGTAGC-1
CACCGTTGTTGTGGCC-1
GTTACCCCAAGAGAGA-1
CGGTCAGTCTGTCTCG-1
CTTCTCTGTAGACAAT-1
ACATTTCGTTACGATC-1
GACACGCAGGTTATAG-1
CAGATACTCCAAATGC-1
CGAATTGGTTGTGCCG-1
GTGTTCCTCCTATGGA-1
CAGGCCATCGGCATCG-1
GCAGTTATCGTTATCT-1
TTCCTCTCAACGCCCA-1
GTCAAACAGCTGGCTC-1
TTAGGGTGTTGCTCGG-1
AACACACAGAAACTGT-1
CGAGAAGCATCGTGGC-1
CATGCTCAGGTTGGTG-1
TTCACGCCAAGCCATT-1
AGTGCCGCAGCCGGTT-1
GAGGCAAAGTTGCTCA-1
GGGTTATCATCATCCC-1
CTAAGTGAGCGTTGTT-1
ATGCATGTCAAAGGAT-1
GCAGCCACATGCGTGC-1
TCTATACGTTGGACTT-1
AGCTTCCGTAGTTACC-1
GGTAGAGAGTTAGTGA-1
GTTGTAGGTGAGATAT-1
ACAAGCTAGAAACACT-1
GCAGCTGTCATTGGTG-1
GAAGGACAGTAACAGT-1
ACTCTCGTCTCTCTTC-1
TATCTTGTCCTGGCTT-1
GGGAAGTTCCCTTGGT-1
TACGTCCCAGATTCGT-1
GCCTGTTAGATGACAT-1
GTTGCGGCACGTCTCT-1
GTTGAACCAAGTACCT-1
TCTATCACATTCAGCA-1
TCATGTTTCTACTGCC-1
CCATAAGCACCAGCGT-1
GCTGCAGTCTGCCTGT-1
TCGCTCACATACTGAC-1
ATTCTACCACAATTCG-1
AATTCCTCAGCATACT-1
ATTCACTTCCTCTCTT-1
GTAGGTTTCTTGAACG-1
CAGCAGCAGGAAACGA-1
CATCAAGTCTCCGAAA-1
TCGCTCAGTCGGCACT-1
GCTACCTCATTGCAAC-1
TCAAGTGAGGGCAGGA-1
AGGGCCTGTGCAACAG-1
GTTACAGAGGTAAGGA-1
CTTCTCTAGGGCCTCT-1
CTGGTCTGTTTCTATC-1
AACAACCTCACCGCTT-1
AGAAGCGCACTATCGA-1
CTAACCCGTTCGCGTG-1
GCAGGCTTCTCGACCT-1
TCTATCAAGCGCATCC-1
CTTCCGAAGCCTCGTG-1
ATCACGACAGTGTGCC-1
TCGGATATCGCTTAAG-1
CAACAACAGCCGAACA-1
AGTCAACTCTAGCATG-1
CAACCAAGTTACGTAC-1
AGCCAGCGTGGGTTGA-1
TGTCCTGGTTGCACGC-1
TGATTCTAGTCAACAA-1
ACGGTCGTCTCATGCC-1
CTATAGGCACATTCGA-1
GACTGATTCTAGACAC-1
CTTCTAACAAATGGTA-1
CCCTAACAGCATGTTC-1
GACCAATAGTGGAATT-1
ACGGTCGGTGCAATGG-1
TTAGGGTCACGCTGCA-1
ATTCCATCATGTGTCA-1
ATGATCGTCCTCACCA-1
AAAGGGCAGCTCCACG-1
TGTTACTCATGCACTA-1
TAGAGTCCAGTCAACT-1
TTACTGTTCTTCTGGC-1
TCAAGACGTAGTTAGA-1
TTTCATGCATTCACAG-1
TCAGTCCAGGCCACTC-1
GTGCAGCAGACCATTC-1
TTACAGGGTATAATGG-1
GCATCTCCACCGTCGA-1
ATTCAGGTCACCTTAT-1
TAATTCCAGTGACACG-1
TACCCACTCCTACGAA-1
TGCAGATCAAATGCTC-1
TCGAAGTAGGAATGTT-1
CTCATTATCCATCCGT-1
GATTCGAAGACCGCCT-1
AACACACGTCCATACA-1
CCCTCAAAGTAGTCAA-1
TCTCTGGTCTTGGCTC-1
TTGAGTGTCGCCAGTG-1
GAGTTTGTCCGTGCGA-1
TATTCCACAGCCCAGT-1
TGCTGAATCTACGGTA-1
CACACAAAGACGCATG-1
GAGATGGCAGAGAGGG-1
CTCAAGACATGATAGA-1
ACTTTCAAGGGTATAT-1
AAGTCGTGTCTTGAAC-1
AGTAACCTCCATACTT-1
TCCACGTCACATGACT-1
TGGAGGAGTTTGCAGT-1
GAAGTAATCTCGCCTA-1
TCACACCAGTAGAGTT-1
CCATAAGAGAAACCCG-1
CTAGGTATCTTCGGAA-1
AACAACCTCCACTGGG-1
GATGCTAAGGCAGGTT-1
GGATCTAGTCTAATCG-1
CTACATTGTCTTGAGT-1
CAGATCACAATGACCT-1
ACAAGCTGTTGGGAAC-1
GACTTCCTCGTCTCAC-1
CAGTTCCGTACGGGAT-1
GCCGATGGTCTCACGG-1
CAGGCCAGTCATCAGT-1
CGTCCATCAGCTATAC-1
ACACTGATCCACCTGT-1
CTGCAGGAGTCTGCGC-1
TCAGTCCCAAGAGTTA-1
GTCACTCTCGCTCTAC-1
CTGCGAGTCGGTCTGG-1
AAGACTCGTTCGATTG-1
TACGTCCCACAGGATG-1
ACTTATCGTCTACAAC-1
TCAATCTCAGCGACCT-1
CCCTTAGCATGTTCAG-1
GTGGTTACATTGTCGA-1
AGTACTGCAGTACTAC-1
TGATCAGAGTTCTACG-1
TTCAATCTCACCATCC-1
GGGAGTATCGTGCAGC-1
TGTGAGTTCAGTGTGT-1
ACCTGAACATGTTACG-1
CATCCGTCACAGTCGC-1
CACACAAGTCCACATA-1
TGACTCCCAACGATCT-1
TTTACCAAGCTTAAGA-1
TGAGGAGTCAAATGAG-1
AGGACTTCAAACTAGA-1
CGCAGGTGTAGCTGAG-1
TAAGCACGTCCAGTTA-1
CCCTAACAGCACTCAT-1
TTCTTCCCAAAGGCTG-1
CATTCTAGTGTTGACT-1
CGCATGGAGGATCACG-1
TGTTACTCATAGAAAC-1
GAAGGACAGGATACAT-1
AGGGCCTGTAGACGGT-1
GGGTTTACAATCGCCG-1
CAATCGATCTCCGAAA-1
TTCTAACCATTGACTG-1
CAACGGCTCCTACCGT-1
AGGCCACTCGCGCCAA-1
CGATGCGCAGGACGAT-1
TCGATTTGTGGCTGCT-1
CTGTGGGTCTGCTTAT-1
TACCCACAGTCTAGCT-1
CCCTTAGCAATAGGGC-1
ATCGGCGCACACCTAA-1
TCGATTTGTTAGGAGC-1
TATTGGGTCGACGCTG-1
ACCTGTCTCTACGCAA-1
GTTGCTCCACCATATG-1
CCCTGATTCACTGCTC-1
TGACGCGCAATGACCT-1
AGTGATCAGGCTCTAT-1
TCACTATGTTTGGAAA-1
TCAATCTAGCCATTTG-1
CTGAGCGTCAGCACCG-1
GTTCCGTGTGAACTAA-1
TCGATTTGTGATACTC-1
ACCACAAGTAAGTTGA-1
AACTTCTGTTAGAAAC-1
GTCTGTCTCGCCTCTA-1
ACTGTCCTCCTTGGAA-1
TCATATCGTGTCTTGA-1
TTACTGTTCGAGAGCA-1
TTCTTCCCAGCGGTTC-1
CTGTAGAGTTATCTGG-1
GCCATGGCAGGCGAAT-1
ATCGATGCACAAGCTT-1
CCTAACCGTTAGGCCC-1
ACGGTTAAGAGGATGA-1
GAAATGACAAGTGGCA-1
ATGTCCCCAGCAGTGA-1
CCAATGATCGACCATA-1
CAATTTCTCGACCACG-1
CACGTTCTCTGGGAGA-1
GTGGAGACAAGGCAAC-1
ACACGCGGTTCCAGGC-1
CTCCAACCAATCAGCT-1
CATGGTATCCGCCTAT-1
CTCAGTCAGATTAGAC-1
CGTTGGGTCAGGACAG-1
CGGGTGTAGTCATAGA-1
GTAGAAATCTGGTGCG-1
AGGATAAGTCATTGCA-1
AGAGAATTCCAATCTT-1
ACGTTCCCACTGTTCC-1
GCTACAATCGGCTGGT-1
GCTCAAAGTTCTCTAT-1
AGAGAGCCACACACGC-1
CACTAAGTCGTCTACC-1
ACTTCCGTCCTCTGCA-1
TCATTGTGTTTCTATC-1
GACATCACAAACCACT-1
GTCCACTGTACAGCGA-1
TTTGTTGAGCTCGACC-1
AGGACGAAGGGCAGTT-1
AGTTAGCAGTGAGTTA-1
CTGGACGCATGGATCT-1
AACGGGAGTAGCTTGT-1
AAAGAACTCAGCTGAT-1
TAGACTGGTCACAGTT-1
CTACCTGCAGTCTTCC-1
TATTTCGCACACTTAG-1
CAACCTCTCCGACAGC-1
GGGCGTTAGTTGGAAT-1
GGTGTCGAGGCTCACC-1
ATTATCCGTTATAGCC-1
GCTTGGGGTGACTATC-1
AGCGTATGTCGCGGTT-1
TGTTTGTAGTTCATCG-1
GACCTTCCACAATCTG-1
GCACGGTCACAACATC-1
AATCGACAGATTCGCT-1
AAAGGGCAGTTTGGCT-1
ACCCTTGCACCAACAT-1
ACATGCATCGCTTAAG-1
GACTATGCAGGTGACA-1
CTTAGGACACCTGCAG-1
CTCTGGTTCCCGAGGT-1
ACTGTGACAGACCCGT-1
CCTTCAGTCTTTGGAG-1
TAGGTACAGTGTTGTC-1
GAGTGAGGTCGTCATA-1
GTAGATCAGGCCCAAA-1
TTTGGTTGTTAGAGAT-1
TCAGGTAGTCACAGTT-1
TCACGGGTCGATTCCC-1
CACTTCGGTCGAGTTT-1
ATCACAGCACAGCGCT-1
AGCTTCCTCCGACAGC-1
CGCATGGGTGCAATAA-1
CGATGCGAGGTAGATT-1
ACCTACCTCGTTCTGC-1
GTCAAACTCTCCTGCA-1
CCACACTGTTATGTCG-1
GTGCGTGAGTCTGGAG-1
GGGCTCATCCCTCTCC-1
GCAGTTAGTTCAGGTT-1
GAAATGAGTGTTCAGT-1
GAAGGACCACACACGC-1
ATACTTCCACTCTAGA-1
CCTTCAGCATGCGGTC-1
TGGAGGAAGCCGAATG-1
TTCAGGATCTTGGAAC-1
TGCAGGCGTGCCGGTT-1
GGTTGTATCAGCTGAT-1
TTATTGCGTGTATTCG-1
TACCCACAGCAAATGT-1
AGAACAACATGTGACT-1
TTTGTTGTCTATGCCC-1
TGGTTAGAGGCCTTCG-1
TGAATCGGTTACACTG-1
AGGGCTCCAGGACTTT-1
TCCATCGTCTTTCTAG-1
GTAGTACAGCCTCTCC-1
CAGTTCCCAATCGCGC-1
CATACCCGTCCTGAAT-1
TGGGAAGCAAGTATCC-1
GCTACAAAGCGGACAT-1
TGCATGATCTCGCTTG-1
GATGACTTCTGTAAGC-1
CCACACTAGAAACCAT-1
GTGCACGAGCTAGTTC-1
AATGACCCATTGCCGG-1
TTGACCCAGCACGTCC-1
CTCGAGGAGCATTGTC-1
TAGGAGGTCCAACCGG-1
CGAAGGACAATTCTTC-1
TCCTGCACAAAGGCTG-1
ACTGTCCTCCATTTAC-1
CCTCTCCGTTACCTGA-1
TCCCAGTAGATAGGGA-1
AATCGACAGTTACGAA-1
AAAGAACTCCGGGACT-1
GCTCAAATCTGCACCT-1
CCCGGAAAGATGGGCT-1
GTAATCGTCTGTTGGA-1
ATCACAGGTGCCGGTT-1
GATGACTTCGACGACC-1
TTTGGAGTCAGTGGGA-1
ATTCACTTCATTCATC-1
ACATTTCGTCATACCA-1
TTCCGGTGTCTTCGAA-1
GGGCGTTAGAGTCAAT-1
CCCTAACAGTGAACAT-1
ACATCGATCTCTTCAA-1
TTGGGCGAGGTGGGAA-1
CCACACTGTAGGCTCC-1
CATAGACGTGTGTACT-1
CAATGACGTTCTATCT-1
CATCCCATCCGAGTGC-1
GGCTTTCTCTCCACTG-1
CTCCACAAGCGCCTTG-1
AATTCCTGTATGAGAT-1
AATCACGGTTCCGGTG-1
CCTCCAATCGGCAGTC-1
AAGCATCCAACTCGTA-1
GCAACATGTTGAGGAC-1
GAGGCCTCATGCGTGC-1
TCACGGGAGAAGTATC-1
TTTACTGAGTCACTAC-1
CTCATGCTCAGTCATG-1
TGCTCCAGTGACAGCA-1
CGTCAAATCCTCATAT-1
TATTGGGCACATATGC-1
CATGCTCTCCCTCTAG-1
TGATCTTTCCGATCGG-1
GATCGTAAGCAACTCT-1
TCACACCAGACACACG-1
AGTAGTCTCCCTGGTT-1
AGTTCGATCCCTTTGG-1
CATACCCCACAGCGCT-1
TGCTCCACACATGACT-1
ACCAACAAGAGGTGCT-1
ATTCAGGTCCATCTCG-1
GTAGGTTAGCAGCCTC-1
GGCTTGGCACTACAGT-1
AGGTAGGCATCAACCA-1
CAAGAGGCAGTCGTTA-1
AAGACTCTCGACGACC-1
AATCGTGAGACAGCTG-1
GTCAGCGTCTAGCCTC-1
GCCATTCAGTCAGAGC-1
ACTGTCCCACCGTGAC-1
CTGTGAAAGTAGATCA-1
CTCAGGGGTCTCTCCA-1
TGATTCTAGAGGCTGT-1
ACTGTCCAGCTGGCCT-1
ACCGTTCGTTCCGCAG-1
ATTACTCAGCACCAGA-1
AGGTCATTCATTTCGT-1
GAACGTTAGGTCGACA-1
CATACAGAGAAACACT-1
CTAGACATCTCCTGCA-1
CAAGCTACATCTGGGC-1
CGGGTGTTCCTATTTG-1
CACTGGGGTGCTCCGA-1
ATCAGGTTCAAACCCA-1
CTCTCAGCAAGGCTTT-1
GTCAGCGTCATAGCAC-1
GACTCTCCAACAAAGT-1
CATTCATCAAGATGGC-1
ACATGCAAGCATATGA-1
GCAACATAGTCTTCCC-1
GTGTCCTCAAATAAGC-1
CAGATACGTGTGAGCA-1
GGAAGTGTCACATCAG-1
TGGAGAGGTTTCGCTC-1
CGAGGAACAGCTCGGT-1
AGCCAATTCTAGCCTC-1
TTTAGTCAGAAGTCAT-1
TGAGGAGGTATTAAGG-1
GAGTCATAGCGATCGA-1
TGGTACATCATGGGAG-1
TATTCCAAGAGAATCT-1
TCATTTGAGCCTTCTC-1
ATCGTGAAGACTCGAG-1
GCAGCTGAGATCACTC-1
CGGGTCAAGTGGAAGA-1
TTCAGGAGTGTTCCTC-1
TAGCACACATAAGATG-1
TGAGGGAGTGACTGAG-1
ATCGCCTCAAATCGGG-1
TGGTGATAGGTACCTT-1
CATGGTATCATTTACC-1
CTGCAGGTCTAGACAC-1
CTCCCAATCCCATAAG-1
TATTCCAGTACTCGTA-1
GACCTTCAGGCGCTTC-1
TGACCCTAGAACCCGA-1
TCGGATAAGGACTAAT-1
TGGATGTGTAGTACGG-1
ACGATGTGTGTCATCA-1
CTGTACCAGCCTCTTC-1
AGGGCCTCACTCAGAT-1
CATCGTCCATATTCGG-1
GCCTGTTAGATACAGT-1
GCGTTTCAGCGATCGA-1
GTGGCGTTCTGGCCTC-1
GCCGTGAGTCATACCA-1
ATTCACTTCCCGTAAA-1
TCTCCGAGTGATTCAC-1
TCCGTGTCAATGGGTG-1
AGGTTGTTCTTGTGCC-1
TTTACTGGTGTAAATG-1
GTGAGTTTCTGGCCGA-1
TTGCTGCAGCTAGATA-1
GGGACTCGTACCTAGT-1
ACACAGTGTTGGGATG-1
TAATTCCAGTCGGCAA-1
AGATCGTGTTATCTTC-1
CTTACCGTCGATGCAT-1
ATTGGGTTCTCGGTCT-1
CAATCGAGTTCATCTT-1
AACTTCTCACATCCCT-1
AGTCATGTCAGATGCT-1
CACGTTCAGGTTTACC-1
TCATTCACATCCGGCA-1
AACTTCTAGGCACGAT-1
CTTCTCTAGGCACTAG-1
GTTCTATGTTAAGCAA-1
ACAACCAAGAGAGTTT-1
GAGATGGAGGTCCCTG-1
CTCAACCGTCCTCCAT-1
CTCCATGTCGCTACAA-1
TTCAATCGTGCATGTT-1
TATCCTAGTCCTGGTG-1
TGCGACGTCCGTGACG-1
TCGTGGGAGACGAGCT-1
CATTGTTTCTGAGCAT-1
ATCTCTAAGGGTTTCT-1
CACGAATTCCGATGCG-1
AAGCGAGAGTAGCCAG-1
CTCATGCTCAATCTCT-1
GCGTTTCCAACACTAC-1
GATAGCTTCATGCAGT-1
GGTCACGGTTGCTGAT-1
GAGAAATAGCGACATG-1
CGATGCGTCCGTAGTA-1
TGCATCCGTTCTCGTC-1
GATGATCCAAAGAGTT-1
GTAAGTCCATCACAGT-1
AATTTCCAGGCATGCA-1
TAGGTACCACTTCTCG-1
TCTATCAGTGAGCAGT-1
CTAAGTGCAGCAGTGA-1
CATGCGGCAGTTAGAA-1
TACTTGTGTATCTCGA-1
TGACTCCCAGTCGTTA-1
AGTGATCAGCTGCCAC-1
GGTCACGAGGACACTG-1
TGCTCGTTCTTTCTAG-1
AGACACTTCTTGGTCC-1
CTAGGTATCGCCAGAC-1
TAGAGTCGTTACACAC-1
GACTATGCACTATGTG-1
GCAGGCTGTCTGGTTA-1
CTTCGGTAGCAGTAAT-1
GTATTGGTCATTTGCT-1
GCGGATCTCATTTCCA-1
GGTAACTGTTTGTTCT-1
GGGTGAATCTAGCCAA-1
GCACGGTTCACCTACC-1
TCCACCATCAAGAATG-1
CTGAGGCCACGCGTGT-1
ACCCTTGGTGTACAGG-1
CACCAAAAGGGACACT-1
CGCGTGACATTATGCG-1
AACCAACAGTGTTGAA-1
ACTATTCAGCCTATTG-1
GACGCTGTCGCCGATG-1
CATGAGTAGATACAGT-1
TTCAATCGTGCCTTCT-1
AGAACAAAGCACTCTA-1
CCACGAGGTCATGCAT-1
CAGATACCAAATAGCA-1
GTCAGCGCAAGTGGGT-1
GGCAGTCAGCCTCATG-1
CACCAAATCAACTCTT-1
TTCAGGACACCCGTAG-1
CATACCCAGCGATGAC-1
ACGGGTCCAGACTGCC-1
CACCGTTGTCCAGCAC-1
GTCTACCTCCACAGGC-1
GTGCTTCTCTGGGAGA-1
AACCACAGTCGATTCA-1
TTGTGTTAGACCATGG-1
CATCGCTTCTGGACCG-1
TCTAACTCAGATCCTA-1
TACTTACTCTCTCCGA-1
TCTGTCGTCAGTCAGT-1
CCCGAAGGTCGCCTAG-1
CTTGAGACACCCTTGT-1
ACACAGTGTTCGTTCC-1
TATCTTGTCACTCCGT-1
CCTAAGATCGGCTTCC-1
TCATCATGTGCCTGAC-1
ATTCTACGTGTCATCA-1
CATGAGTTCTGGGATT-1
AGACCATTCCATCACC-1
GTTAGTGTCCAAGCAT-1
GATGACTTCGCTAATG-1
GTCATGATCAAATGCC-1
TTCAATCCAGTTCCAA-1
ACATCGAGTTAGCTAC-1
TGGGCTGCAAACACCT-1
AAAGTGATCATGTCAG-1
AAGAACAAGTCTAGCT-1
CATTGTTTCCTCTCTT-1
ATCCCTGCACACAGCC-1
GTTCGCTGTTAGCGGA-1
TTGGGATAGACTTCGT-1
ATGCCTCAGTGGAATT-1
AGGTTGTTCCAAGAGG-1
CCTATCGAGTAATCCC-1
CTCAACCTCGATAACC-1
GTCATTTAGTCGGGAT-1
ATCTTCAGTCGTATTG-1
AGGTGTTAGCTACTAC-1
CTGGACGCACATTACG-1
TCTCAGCAGCATGTTC-1
ACGTCCTAGACGGATC-1
TGTTCCGGTGTCCTAA-1
GGATCTATCGGTCATA-1
TGGTTAGGTCCAAATC-1
TCAATTCAGGGAACAA-1
TTCCTTCCAAATAAGC-1
TCATGTTCAGCTGTAT-1
ACCACAAGTGGTCTAT-1
ATGAAAGGTTCTTCAT-1
AAGAACAGTGTGCCTG-1
GGGAAGTCATGACAAA-1
ACCACAATCGCCGAAC-1
CTGGTCTTCGAATCCA-1
AGTTAGCGTTGCTGAT-1
TGACAGTTCTGACGCG-1
ACACGCGCATCCCACT-1
TCCGGGATCATCACCC-1
GCCATTCAGTTGAAAC-1
GACATCAGTTTCAGAC-1
CTCTCAGCATTCTCCG-1
GTAACCATCGGCACTG-1
TTTCGATTCCTTATGT-1
AACCTGAAGCAACAAT-1
TTCCTTCGTAACTGCT-1
GTGTAACGTGTGACCC-1
ACTATCTGTGATGGCA-1
CCTAACCAGCGGGTAT-1
GGGCTCACACCCTCTA-1
AGTGTTGTCGGAGCAA-1
GGATCTAAGGCGAAGG-1
GCGAGAAAGATGCAGC-1
TTACGTTCACAATGCT-1
GTTACGATCGACATCA-1
TTTCCTCTCGTCGCTT-1
TATCCTAAGGCGTCCT-1
GTCAAGTCAGCCTACG-1
CACGAATCAGAACTCT-1
GTCATGACAGACAAAT-1
CTCAGGGCATAAGCGG-1
CTACTATAGTCCTGCG-1
CACGAATGTGGTCTCG-1
GCCAGTGGTTACGTAC-1
AGCGTATCAGGACAGT-1
CGTTCTGTCCTACCGT-1
AAAGGTATCATCCCGT-1
TAAGCACCACTTGACA-1
ACATCCCGTTAGGCTT-1
ATCAGGTCACAGTCCG-1
GCTTTCGGTAGTGTGG-1
TCATGAGGTGCCTACG-1
TCATATCCATCTTTCA-1
AGGTTACAGAGCGACT-1
GTTGCGGGTACCTATG-1
GTATTGGTCTTAATCC-1
AAGAACAAGTAAAGCT-1
CTGTATTGTGTCACAT-1
TATCTTGTCTGCTCTG-1
TTTGTTGGTTCCGTTC-1
TCTATACTCAGCTAGT-1
CGGAATTTCTGAGGCC-1
TCAATCTTCAGCCTTC-1
CGATGGCTCATCCTGC-1
AGAAATGAGCTGACTT-1
GCTCAAAAGCGGCTCT-1
CTACCCATCCGGACTG-1
AGTGTTGGTCTCTCAC-1
ATGAGTCCAGTTAGAA-1
GCCGATGTCGGCACTG-1
GGGTCTGCAAACGGCA-1
TCTCTGGTCTATCGGA-1
ATTTCTGCACAGTCGC-1
CCATCACCACCTGCTT-1
ACTTCCGCAGCACGAA-1
AGAACCTTCCCAGGCA-1
AGAGAATAGTCACGAG-1
TCCGAAATCTTGGTCC-1
AAGCCATCAAAGCAAT-1
CTTCAATCATGACAGG-1
AATTTCCTCGCACGGT-1
CACAGATAGTGCAAAT-1
GATCAGTTCATCGCTC-1
AACAACCGTGAGTTGG-1
ATGAAAGGTCACTCGG-1
CGGGCATTCAGCGTCG-1
GATGGAGGTTCAGCGC-1
TGGATGTTCCTCACCA-1
TGCATCCAGGTACTGG-1
ATATCCTAGTCATACC-1
CGTCCATAGGTCCCGT-1
GTCGAATGTATCAGGG-1
CCTCCTCGTGCGAACA-1
GCTGCAGAGAGGCCAT-1
TCATCCGTCCAATCTT-1
AGGAATAGTTTGCAGT-1
TGGTTAGTCTCCCTAG-1
TTGCTGCAGCGTTGTT-1
GCAACATCAACCCGCA-1
AGCCAGCGTTTACACG-1
CCGTTCATCGAAGCCC-1
TCAGTCCAGAGCATCG-1
AAAGTGAAGGCCCGTT-1
CGTTAGACACAGCATT-1
GCTCAAACAAGCCCAC-1
CCTCTCCAGCATATGA-1
AGACACTGTTCTCGTC-1
TAAGCCAGTGGCTAGA-1
TCATCCGTCTCATTTG-1
TTCTCTCGTAATGCTC-1
TTCTAACAGATTGATG-1
GAGTTACGTGTCTAAC-1
TTCACGCAGTACGAGC-1
ATCCCTGCACCGTACG-1
CTTCCGAAGTTGTACC-1
TCACATTCAGACCTGC-1
CGAAGTTGTTGTTTGG-1
AAAGTCCGTGTACGCC-1
CGATGCGTCTCCCATG-1
GATAGCTCATGGAAGC-1
TGTAACGTCATTTACC-1
AGATGAAAGCTTTCCC-1
AGACCCGAGTGGCCAG-1
TAGGGTTAGTGATAGT-1
CAACGATAGGGTACGT-1
GCTTCACTCAAATGAG-1
AGTAGCTGTCATACCA-1
ACGGTCGCATGGGATG-1
GAACACTGTCTGTGGC-1
AACCAACGTGGCAGAT-1
ACCTACCCAACGACTT-1
TATTGGGGTGCACGCT-1
AGGAGGTAGCAGGCTA-1
TTGGATGCAGGCCTGT-1
CAACGGCAGGTTCTAC-1
AGCATCAAGTCAGAGC-1
TCGCACTTCACTAGCA-1
GTGTCCTCAACTCATG-1
ACTTATCCACAGTCCG-1
TGATTTCTCTAGTTCT-1
ATATCCTCAACGCATT-1
CTTCCTTTCAGAGTTC-1
ATGAGGGCACGCGGTT-1
GAATAGAAGACGCATG-1
TCATCATTCGGTGCAC-1
CAATGACCACCGCTGA-1
TCCACGTAGCTTACGT-1
TGCAGATGTTCGGCCA-1
TTCCTAAGTTACCCAA-1
TTAATCCAGTAGGCCA-1
AGACAAACACCTCGTT-1
TGGAGAGCATGAGTAA-1
GTTAGTGTCCCTCTCC-1
CTCTGGTAGAAATTCG-1
TTGTTTGGTGGCTTAT-1
CTGTAGAAGACTCCGC-1
TAACGACTCGTTAGTG-1
GTTACGATCGAACGCC-1
TCGTAGACAAACTAGA-1
GACCCTTTCTCCTGTG-1
ATCACTTAGTAGACCG-1
AATGACCAGGTGCTTT-1
TACAGGTTCATCGACA-1
AGCGCCATCATCGCCT-1
CAACCAACAGAGATGC-1
TTTGGTTGTCCACGCA-1
ATACTTCGTAAGTTGA-1
TTTACGTGTCCGGCAT-1
TACTGCCTCCCGTTGT-1
TGCAGGCGTTACCGTA-1
AGAACCTGTTTACCTT-1
TCGCTCATCGATTTCT-1
GCTTCACCAACACGTT-1
TCCTTCTGTAGATTAG-1
ACGTTCCTCCGCTGTT-1
AGTCAACTCGGCGATC-1
ACGCACGAGAACTCCT-1
CCGATCTTCTGCGAGC-1
TGCATCCGTAGTTACC-1
TAGGGTTGTCACCACG-1
CTACCTGAGCCTGAAG-1
CATTCATAGTGAACAT-1
TCTTTGACAAACCACT-1
ACCTGAACAGAACTAA-1
TCGACCTTCTCCGAGG-1
CTGCATCCAGAACCGA-1
GTCTGTCAGGTGCGAT-1
TTTACTGTCTTCCGTG-1
TTTGGTTTCATGCCAA-1
CAGCAATTCCATTGGA-1
CGTGTCTCACATCCCT-1
ATACCGAGTTCCAAAC-1
GGGTCTGTCACCGCTT-1
TTTAGTCCAGCGTGCT-1
ACTCTCGGTTGGGATG-1
TCGTCCAAGTCATCCA-1
AGCGATTCAGGCAATG-1
GGAGGTAGTAACGGTG-1
CCCGGAATCGGTCATA-1
TCACGCTTCTATGTGG-1
AGGCTGCCATGAGATA-1
GTTCTATAGATGGCGT-1
ATTGTTCAGGTGCCTC-1
CTTCCGATCTAGCAAC-1
TGTTGAGGTGCAATGG-1
GCTACCTCAGGCTATT-1
GCGATCGAGGTCACTT-1
CGAGTTAAGGTATCTC-1
GCCATTCTCCTTGACC-1
GGCTTTCAGGTAGTAT-1
ATTCTACTCATCACTT-1
TCATATCCAGGACTAG-1
GATCATGTCGCCGAGT-1
GCCATTCGTATCATGC-1
TTCTTGATCTGCACAG-1
GATTGGTTCAACTCTT-1
TCCATCGAGTCTTGGT-1
AGTGACTCACCTTCGT-1
TTCCGTGCATGGCTGC-1
TTTACTGGTACCCGCA-1
GGCTTTCCACACTTAG-1
TCTGCCACAGTTAGAA-1
ACTATTCAGTAGAATC-1
CCGAACGCACGGTAGA-1
TGCATCCGTTTAGTCG-1
ATGTCCCGTCAGTCGC-1
CTATCCGGTGACTGTT-1
AGCATCATCACGAACT-1
CCTGTTGTCGGCTTGG-1
ATCACGACACACCTGG-1
GTAACCATCGGTATGT-1
CAGCGTGCACACCTGG-1
TTACCATGTGACCGAA-1
GGGAGTATCGTGACTA-1
CCAATTTCACCGCTGA-1
ATCACGACACCGCTAG-1
TCATGCCAGTAGTCCT-1
TGAGCGCCAAGACTGG-1
CTCAGGGCACTCCACT-1
TTCTTGATCTCCACTG-1
CGATCGGCAGGTAGTG-1
CTCATTAAGCGCCTCA-1
AGAGCCCAGTTGCCTA-1
TAGACTGTCGAGGCAA-1
CTCAGAAGTGGATTTC-1
AGTCAACTCTTTGCAT-1
TGATCTTTCTGTGTGA-1
TTTACTGTCGCTGATA-1
TTTGGTTAGCGTGCTC-1
CCTAAGATCAGTGTTG-1
CCACACTTCTCGTTTA-1
CTCACTGTCCAGCACG-1
ATGAGGGCAGATTCGT-1
GCCTGTTGTCAAATCC-1
TTTGTTGAGTGTTCCA-1
ATTCACTCACGTAGAG-1
GGGCTACAGGTATCTC-1
TTCTAACAGCAATAGT-1
AATTCCTTCTCCCAAC-1
ATCGTGATCATAGAGA-1
CACTTCGTCTACTATC-1
CGAAGGATCACGGTCG-1
GTTGTCCAGGCGTCGA-1
GACATCAGTATCAGGG-1
ATGTCCCAGAGGGTAG-1
TGACCCTTCGTGACTA-1
AAGGAATTCACCGGTG-1
TTACCATCAACCCTCT-1
CGATCGGTCGTCAACA-1
GCAGTTAGTTAGAAGT-1
TTCTAGTCACTGCACG-1
CCTCCAAAGACTTAAG-1
GGGCTACTCACCGGGT-1
TCACACCTCGAAACAA-1
CTGCGAGTCCGTAATG-1
TTACCATGTTTCCAAG-1
ACACAGTCATAACCCA-1
TCGCTTGGTCTGATAC-1
GGGATGATCTCAGAAC-1
GGGCCATCAGCTACAT-1
ACATCCCGTACCCACG-1
TGGATCACAGTAGTTC-1
ACGATCAAGGAACGAA-1
GTATTTCTCGTACACA-1
TCACTATAGCGACTAG-1
GGTGGCTAGAAGCGGG-1
GGTGTTATCCTGGTCT-1
AACGAAAAGGTGCATG-1
TCATCATGTCATCTAG-1
TCTTTGACAGTTTGGT-1
ATCACGACAGATCCAT-1
GGGCCATAGCATTGTC-1
GAGGGTAGTTGGAGGT-1
TAACTTCAGTCCCAGC-1
GAAATGAGTCTAGATC-1
TATTGGGCAATTGAAG-1
TGTAAGCCACTTGAAC-1
CTCAGAAGTCGTAATC-1
GTCTAGAAGGCATGGT-1
CATCGCTAGGCTATCT-1
GTTTACTAGCCTCTGG-1
TATCTGTGTGCACAAG-1
CACACAATCTGACAGT-1
TGCGGCATCGCGGACT-1
CACGAATGTCTCCCTA-1
GGACGTCCAGCCTATA-1
ACGTAACGTGGACTAG-1
CGCGTGAAGCCTGTGC-1
GTGGTTATCTGGGAGA-1
GAATCACGTTGGATCT-1
ATCGTCCTCCCTGGTT-1
CGGACACAGTTCATGC-1
CTCATTACAGCTGTGC-1
GGTAACTCACTGTCGG-1
TGTCCACAGACCAACG-1
ATCCATTGTTGGGACA-1
CTAGACATCTCTCAAT-1
TACCTGCGTCATATGC-1
CGTGTCTTCATTCGTT-1
TAGGTTGGTGCAATGG-1
TGTCCCAGTGCCCTTT-1
GTTGCTCTCGATCCAA-1
CCTCTAGCAATCTAGC-1
TTCGGTCCAGCAGGAT-1
GAATCGTCAATTCGTG-1
CCTCCTCTCCTGCTAC-1
CCGAACGGTGACCTGC-1
AACGAAAGTCCCTGTT-1
GGGTAGATCTGCCTCA-1
TTTGGAGTCTACGGGC-1
AAAGTGAGTACGATGG-1
AGGTAGGGTCAAAGTA-1
ACTATCTTCACTTGTT-1
CTGGACGCAACAGATA-1
CTTCTCTCATCAGTGT-1
CAATGACAGGACGCAT-1
GGTGTCGGTCCTACAA-1
TCTGCCATCCACAAGT-1
GTTAGTGAGTCACTCA-1
CCACCATCAGTGTACT-1
ACATTTCGTCTACAGT-1
AGTGCCGTCTGAATGC-1
TCATCATTCGTCTACC-1
GAGGGATTCATCCTAT-1
TCAAGTGGTTGGGTTT-1
ACTTAGGGTGCATGTT-1
AGTGATCGTCATGACT-1
GATTGGTGTCGCAACC-1
CTCTGGTGTTCGAACT-1
GTGAGCCTCAGTGTCA-1
GCCAGCACAGAGAATT-1
ACGTTCCTCGCTGTCT-1
TCATCCGGTCATTGCA-1
TACTGCCGTCTCCTGT-1
GCATCTCAGATCCCGC-1
TCACACCTCGGACCAT-1
GATTGGTAGCGACCCT-1
GAATCGTGTATCAAGA-1
CTCAGTCTCGATAACC-1
ATTCAGGCAGTAGAAT-1
GACAGCCCATGAAGCG-1
ACGTCCTGTTTGCAGT-1
GAGTCTAAGCCTAGGA-1
ATGGAGGCATACATCG-1
CATACCCCAGCGTATT-1
AAGTGAAGTGACACAG-1
CGATGGCAGTCGGCCT-1
CTCCTCCAGTAATACG-1
CTTCGGTTCCACGTCT-1
AGTCACAGTTGCCGAC-1
GGCACGTGTCAGCGTC-1
TGGAGAGGTAAGATCA-1
TTGCATTTCTGTAAGC-1
TCTGTCGTCCCAATAG-1
ACCTGAATCTAACGGT-1
GGGATCCTCATTCTTG-1
TGCATCCAGCGTCAAG-1
GTGTCCTAGTTCGGTT-1
TTGCTGCTCTTCTCAA-1
CTTGAGAGTGTTATCG-1
GAGTGAGTCAGACCTA-1
TCTCTGGTCCCTAGGG-1
TCACTATCAATTGGTC-1
AGTTCGAGTCAAACGG-1
TATCTGTAGTACTGTC-1
AAGACAATCCGTAGGC-1
TAGATCGGTACGTTCA-1
ACATTTCGTTATTCTC-1
CTCAATTTCGACGATT-1
TTCCAATGTAACAGTA-1
ATTACTCGTGCCCGTA-1
CACGTGGCACAAGCAG-1
ACTGCAAGTGGCAACA-1
TAAGTCGCATGACGAG-1
CTTTCAAAGTTGCCCG-1
CTGCCTATCATTCCTA-1
CATGCGGAGGTTTGAA-1
CCTTCAGGTCATCCGG-1
ACGTACATCACCTCTG-1
CACCAAATCAGCAGAG-1
AATTTCCTCGCCTATC-1
GGAGATGAGAACTGAT-1
GTTCATTCAGGTTCCG-1
GGATCTAAGTCGCTAT-1
CCGGTAGTCTAGCCAA-1
TCATCCGTCGCCAATA-1
GTCTTTATCTTCACAT-1
TGGCGTGGTAGTAAGT-1
TCTCCGATCTTCGTGC-1
CTACAGACAGCCCACA-1
ATTACCTCAATTCACG-1
TGACAGTTCCACGAAT-1
CTGTATTTCTACGCAA-1
TAGCACACACCAGCTG-1
TCTCAGCCAATCGAAA-1
GTGTGGCTCCGCAGTG-1
ATTCCCGCACGACGTC-1
CGGACACAGACGGTCA-1
TCTACATGTCATCCGG-1
ATCCACCGTTAAACAG-1
AGAAATGAGCATGTTC-1
TATTTCGGTATGATCC-1
TCGCTTGCATCGTTCC-1
CCCGAAGAGACCCTTA-1
GACCCTTAGCCACAAG-1
AACTTCTAGAAGCGGG-1
AGTCTCCGTTGACGGA-1
ACGTTCCCATGGCTGC-1
GTTCATTGTATGCAAA-1
ATGTCCCAGCGAGAAA-1
ATTTACCTCGGCATCG-1
TGAACGTCAACGACAG-1
TTCGCTGTCTAGTTCT-1
TCCACGTCAAGACCTT-1
GGTCACGGTCATAAAG-1
ATTACCTGTAGCTTTG-1
CTGAATGGTGGTATGG-1
TCACGCTGTGACTCGC-1
AGATCCAGTTAGGACG-1
TAACACGGTACCACGC-1
TCCACGTAGGACATCG-1
GTTCCGTAGACCAACG-1
TGCACGGCATTGTACG-1
GGGACCTGTCACGTGC-1
TCTGCCATCCCGTTGT-1
AGCGTATGTCAATGGG-1
GGAATGGGTGAGATCG-1
TAACGACTCAACTTTC-1
TGATGGTTCGGTTGTA-1
GCACATACACCTCTGT-1
GCATCGGTCGTTGTTT-1
AGGCATTCAATAGAGT-1
CCTATCGCATCGGAGA-1
TGATTTCGTAACTAAG-1
TACACCCCATTGCTTT-1
GATAGAATCCATCTCG-1
TTGTTCAGTTTGCCGG-1
GCAGGCTCATTGCCGG-1
CACAGGCGTTATCTTC-1
AGGATAACACTCCTGT-1
GAACGTTTCCCAGGCA-1
GTCATCCGTGGGATTG-1
CAACGGCCACCGTCTT-1
AATCGTGCAAGGCCTC-1
GTCATCCGTCTACAGT-1
CGAGGCTAGCAGCGAT-1
TATCTGTAGAAACCCG-1
AATGACCTCGTGGTAT-1
GTTCATTGTTATTCCT-1
AATGGCTTCTCAACCC-1
ACGTACAGTAGGAGTC-1
TGTCCCAAGCACTAGG-1
TCAGGGCCATCTTTCA-1
TGTCCACCAGTGTGGA-1
TACGGTAAGAGGTGCT-1
GAGTTACAGTTGCCCG-1
GTATTTCTCGTCTCAC-1
GAGTGTTTCTGGCTGG-1
ACACAGTCAGGTTCGC-1
AATTCCTCAGACACCC-1
TTACTGTGTAACAAGT-1
CGTTGGGTCATGTCTT-1
GCACGTGTCCATTTGT-1
CCACTTGGTGTAAATG-1
TATCAGGAGGTACTGG-1
CGTAAGTAGCGCAATG-1
TCGGATATCGACCTAA-1
CTCCAACCAACGTTAC-1
TCACAAGGTAGGACCA-1
AATCGACTCAAGGCTT-1
TAGACTGGTCCTTAAG-1
CAGCACGTCGACATTG-1
AGACCCGAGCATTTGC-1
AGCGCCACATGACGGA-1
AGCGTCGGTGCCTACG-1
GATTCGATCTGTAACG-1
TCACGGGGTGTATTCG-1
GGGAGATGTCGTTCAA-1
CAAGCTAAGGATTTGA-1
ATACTTCGTGATTCAC-1
TCAAGACAGAACAGGA-1
ACAACCATCCTAAACG-1
ATCGTAGTCCGATAGT-1
AGTCACAGTCTTTATC-1
AGTTAGCTCTTGGTGA-1
CAACAACAGCCGGAAT-1
TCAAGACCACAAGTGG-1
TAGTGCATCCATGATG-1
AACCAACTCAACCTTT-1
TGGATCATCATAGCAC-1
AGTAGCTGTTCAGCGC-1
GCACATAAGGCATCAG-1
TTTATGCAGGCTTCCG-1
CTCCTTTTCTGTGCTC-1
GAGACTTTCCGCACTT-1
TCCTTTCGTATCGCGC-1
CTTTCGGGTAGCTGAG-1
CTCCTCCCAGTCGCTG-1
GTTAGTGAGTGTAGTA-1
TCATATCGTTTGACAC-1
CTAAGTGTCATATGGC-1
AGTACTGGTATTCCTT-1
TCCTTCTGTTCTCGTC-1
CTTCTCTAGCGCCTAC-1
TGCATGATCTGGCTGG-1
CTGTAGAAGTACAGCG-1
GCTGCAGTCAGATTGC-1
TGTGCGGAGCCAAGCA-1
CTCAGTCTCCCTCAAC-1
CCTAAGAGTTCTAAGC-1
GAGTGAGTCAGCACCG-1
TACCGGGGTTCATCGA-1
GGTTGTACACCCAATA-1
ATTCCCGGTTTACCTT-1
TTACCGCTCAAGTCTG-1
TTATTGCTCGATACGT-1
TTTCACAAGCATGGGT-1
TGATTCTTCTGTCTCG-1
AACACACAGAACAGGA-1
AGTCAACGTCACTACA-1
CACGTGGCAACTTGGT-1
TACCTCGAGCGCAATG-1
TGCTTGCTCAGACTGT-1
ACGTACAAGTCTTCCC-1
TTATTGCCAACTCGAT-1
GTACAACCACAGTATC-1
CAGTTAGGTGTGGACA-1
ATGCGATAGTTCCGGC-1
GATGCTACATGTGTCA-1
TAACACGAGTTCTCTT-1
TTAGGGTCAATCAGCT-1
GGGTAGAAGCTTCTAG-1
CGTTCTGAGATTTGCC-1
TGTTGAGCATGAGATA-1
GCCAACGTCTCAAAGC-1
CAACAGTTCATGAGAA-1
AGAGAATCAATTTCTC-1
GTCAGCGGTGCGTTTA-1
GAAATGATCTTCCTAA-1
CGTTCTGGTAAGGAGA-1
ATATCCTCACCATAAC-1
TCGCTCAAGCTTCATG-1
GTGCGTGAGTAGTCAA-1
TCAGTCCAGCTGTTAC-1
GCCATTCGTACCGGCT-1
TGTTTGTTCGTTGTGA-1
AGTCAACGTGACTATC-1
TATATCCGTAGTCACT-1
GTCATCCAGTATGATG-1
ATTTCTGTCGCACTCT-1
TCCGAAATCTCTCGCA-1
CCTCATGAGCAGGGAG-1
GGTTCTCCAGGTTACT-1
CATACAGGTTCGGCCA-1
GGGTTTATCGATACGT-1
CTCATGCAGACATCCT-1
TTAATCCCACACCGCA-1
AAGTACCAGCACTCCG-1
GAACACTCAAGCAGGT-1
CTACATTCAGCGCTTG-1
ATTCATCGTACAAACA-1
TTGTTGTAGACAGCGT-1
GGTGAAGTCATTGGTG-1
GACGCTGGTATGGGAC-1
TCTTAGTGTGTCTCCT-1
GCTTGGGTCTCATAGG-1
ACTTCGCCACAATGCT-1
AACGTCAGTATGAAAC-1
TGCGGGTGTTTCTATC-1
CCACCATCATAGAAAC-1
CCTCATGGTCCAGCCA-1
CCTCATGGTCAGACTT-1
CATAGACTCGGTCGAC-1
ACTCTCGCAACGTAAA-1
CCCTCAAAGCTGAGTG-1
CAGGTATAGTGACCTT-1
TCATGAGTCCTGTAGA-1
ATCCATTAGTAGGTTA-1
ATATCCTCAGATTAAG-1
TCAGTCCCACAGAGCA-1
AACGGGATCCACCTGT-1
ATGGGAGCAGACCTGC-1
GTAATCGAGCATGATA-1
ATAGAGAAGGTCACCC-1
TCATACTTCAGCACCG-1
GCCCAGAGTCGACGCT-1
TCCCAGTTCCCTCTTT-1
CACTTCGAGCGTATAG-1
CATGCTCCATCGAGCC-1
ATACCGACATCCGTGG-1
TCCTCTTTCTTGGTGA-1
TCTGCCATCCAGTTCC-1
AGACAAAGTGTACGCC-1
CAGGCCAGTTTAGAGA-1
CAGTTAGTCCCATTCG-1
TACAACGTCCTCATAT-1
ACCATTTCATTGTAGC-1
AGGACGACATGACAAA-1
AGATCCATCACTACGA-1
TTATTGCCAGCAGAAC-1
CACTGAAGTGACTAAA-1
CTTTCGGGTGACCTGC-1
TTTCGATGTGTATTCG-1
AGGGCTCTCGTTCGCT-1
TATCGCCGTTCGAGCC-1
TTGCGTCCATTGACCA-1
ATCGATGGTGAGAGGG-1
CACGAATGTAAGGCCA-1
CATCCCAAGCTAGAAT-1
CTGTCGTCATGTGGTT-1
TTAGGCAGTTTGCAGT-1
TCATCCGCAGATCCTA-1
AGACAGGCAACCGACC-1
GACTCTCGTAATACCC-1
CTCAATTCATTGAAAG-1
GATGATCGTTTAGACC-1
GATAGCTCAACGGTAG-1
AGGCATTGTCTTCAAG-1
TCTCACGGTAGCCCTG-1
ATTCCATTCGAAGCCC-1
ACGGAAGTCCACTAGA-1
TCATATCCAGCCGTCA-1
AAGCATCCAGAACTAA-1
TAGGAGGTCATTACCC-1
GATCGTAGTCGTCATA-1
GTAACCACACGCCACA-1
GTGGGAAAGAGGACTC-1
TACGGTATCAACTGGT-1
TGAACGTTCGTAATGC-1
ATGCCTCAGTTAGTGA-1
GACTCTCTCTCCGAGG-1
ACTCTCGAGTTGTAAG-1
CTCTCGATCGATCCAA-1
TGTCCACAGTCTTCCC-1
GAGGGATCAGAGGACT-1
CAGCACGAGAATAGTC-1
TGTGATGGTGTATCCA-1
AGTACTGGTCAACGCC-1
CCTGCATAGTAGCAAT-1
GAATAGACAAGCACCC-1
TTACCGCTCTTTCCGG-1
TCTACATCACAACGCC-1
TACCGAACAGGTGAGT-1
GAGGCAATCACTGTCC-1
ATGGTTGCATATCTGG-1
AAGAACAAGGAAACGA-1
AGACTCATCCGTGTCT-1
TATCTTGAGCAACCAG-1
CTCCATGTCAGCGGAA-1
TCCTCCCAGCGACTTT-1
ATTTACCAGCTCTTCC-1
GTTACAGTCTGCCTCA-1
ACGGTCGAGGACATCG-1
TCACTCGTCCCATAAG-1
AACAAAGAGACTTGTC-1
CGTCAAACATCCTCAC-1
TTACCATAGACATATG-1
AGTCATGAGCTCCCTT-1
TCTACCGGTTTCGGCG-1
AGTGACTTCATTCCTA-1
GTTCCGTAGATACATG-1
TACAGGTAGCCAGAGT-1
AAAGGGCCAGAGATTA-1
GTAACACTCTGGGATT-1
AAACCCATCACCTGGA-1
GCGGATCTCAACCCGG-1
CATGGATTCTTACACT-1
ACAAAGAGTAGTACGG-1
ACCTACCCAGGCCTGT-1
GTCTTTATCTCCGAGG-1
AGCTACATCTTTCAGT-1
TTACCGCCATTCTGTT-1
ACGATGTTCTTTCGAT-1
TGTTGGAAGCACGTCC-1
CTTGAGAAGTCATGGG-1
TAAGTCGCACCATATG-1
CCACAAACACGTACAT-1
TGCATCCTCTCCTGTG-1
TACCCACGTCGGAACA-1
ACGCACGTCCGATAAC-1
CATGGTATCCTTGAAG-1
AGATAGACAAATGATG-1
CATCAAGAGCCTGTCG-1
GCACTAAGTTAAACCC-1
CTTACCGCAAACGGCA-1
GTGAGCCCACAGAGAC-1
CATGCCTAGACTAAGT-1
GTCAAGTCAGACCATT-1
CAAGCTAAGCATCTTG-1
GACGTTAGTCCAGAAG-1
CTCCTCCCACGTTCGG-1
GCTGAATCAGATTCGT-1
TGTTCATTCCCTCAAC-1
GAAACCTAGATGCTAA-1
CTACAGAAGCATGATA-1
CGTCCATCACTGAGTT-1
CACAGATAGTGTAGTA-1
GTCAAACTCAGCAATC-1
TCCCACAGTGGACCAA-1
ACTATTCAGCATCAGG-1
TTTCATGTCAATCAGC-1
TCCTGCACAGGCCCTA-1
TTGGGATGTAATTGGA-1
CCTAACCGTAGCTAAA-1
ACGTTCCCATTCTCCG-1
GTCCCATCAGAGTAAT-1
AGTAGCTCAATTGTGC-1
CAGCCAGTCTTTGCAT-1
CCTCAGTTCACTCGAA-1
GAGAAATAGCGAGGAG-1
GATTCTTAGTCACGAG-1
AACGAAACAACCTAAC-1
TTCTGTAGTTAAGACA-1
GACGCTGAGGCTCACC-1
GGGTTTAAGACCCTTA-1
AGCGCTGTCTGCTGAA-1
AAGTTCGTCTCATTAC-1
CCGGACATCTCTTAAC-1
TATATCCCATCATGAC-1
GAAGTAAAGAGTTCGG-1
AGTTCCCGTCGAATTC-1
ACAGCCGCAAGTCGTT-1
GATCACAGTCTTTCAT-1
CAGTTCCCAAGATCCT-1
AACGTCATCTATCCAT-1
AAACGAAAGGGCGAGA-1
TCACACCAGTAGGATT-1
GTGAGTTCATGGGCAA-1
TGACTCCTCCACCTCA-1
GCTTTCGCATCTCAAG-1
ACCTGAAGTACTGACT-1
TAGAGTCTCTTACGGA-1
TAGACCACATATCTGG-1
CCTCAGTAGTCTAGAA-1
GGGTAGACAGACATCT-1
CTCAACCCACATACGT-1
CGTAGTACAGCAATTC-1
TGAGTCAAGCCGGATA-1
CGGAGAATCCTCGATC-1
TCAGCAAGTGGTCAAG-1
TATTCCAAGCTGAAGC-1
AGGGTCCCAGATACCT-1
CGATGGCTCTTCTGTA-1
AGGGTGATCTACCAGA-1
TCCTTTCGTAGCTTAC-1
TAGATCGCACTGCGTG-1
CCTCCAATCGGACCAC-1
TTTCGATAGTTTCTTC-1
GAGTTTGCACATTCGA-1
TCCTTTCTCCACCCTA-1
TAGGGTTCACCTGCAG-1
ACGGGTCCATCGCTGG-1
GTTTACTGTGTATCCA-1
CTGTACCTCTCTCCGA-1
ATTTACCAGTTGTAAG-1
AAGACTCGTCTAACGT-1
CCATAAGAGAGGACTC-1
TACGTCCAGCAACTCT-1
ACGTACACAGGATGAC-1
GCCAGCACAGTTCTAG-1
TCCAGAATCTGTCGTC-1
TTACTGTAGAAGCGCT-1
GTTTACTAGAGGACTC-1
ACTCTCGTCCTTATGT-1
AGTCTCCAGAGGTATT-1
TGTGAGTTCTAGTGAC-1
TGAGGTTTCTAGGCCG-1
GATGATCGTCTTCATT-1
ATACTTCGTGAGCGAT-1
GCAGGCTGTGGACCAA-1
CCATCACCATTGACAC-1
GTAGGAGAGGTAGTAT-1
GTGACGCTCTCCATAT-1
TTTGACTTCGGCCTTT-1
TCCACCAAGGCACGAT-1
GGAATCTCAAACTGCT-1
TCTCTGGCAATCTGCA-1
TCCGTGTCAAATTGCC-1
AGGCATTAGTCATGGG-1
GTCACTCAGCAAACAT-1
GACCCTTAGTCTGGAG-1
TGTAACGAGGGATCGT-1
CCGTAGGCAACGACTT-1
ATCACTTCATAGTCAC-1
TCGTAGACAACGATTC-1
TCTGGCTTCAATCGGT-1
GACGTTACAGGAGGAG-1
AGCCACGCATGGACAG-1
ACGGTCGTCTGACGCG-1
TTCCGGTGTAAGCTCT-1
GGTGAAGAGAGGATGA-1
CTCCGATCAATTCACG-1
AAGCATCTCCTCCACA-1
TGTCCACGTACCTTCC-1
CTGGACGTCCAATCCC-1
TCTGGCTTCTGCGGGT-1
CGCAGGTCACCAGGTC-1
CTGCTCAGTCCTGAAT-1
CCGATCTTCAGGTGTT-1
GATGAGGGTATACCTG-1
TCATGCCCATCGAGCC-1
CCCTGATCAAACACCT-1
TTCTTGATCCAATCCC-1
GTTTGGAGTCCGTACG-1
TCCTCTTCATTGTCGA-1
TGGTACAGTCATGGCC-1
TATTGGGCATCGATAC-1
TTAGGCACAGCCGTTG-1
GAAGTAATCCGCATAA-1
TGCTTGCTCACGTCCT-1
CAGATTGGTCCTGTCT-1
CTGCCTATCTTCGACC-1
ACATTTCCAACAGTGG-1
CTCCTCCTCCAACTGA-1
ACACTGAAGTTACTCG-1
CAGTTAGTCTACTCAT-1
GGGAGTACAACCTAAC-1
GCCAGGTAGCCATTGT-1
AGGAAATGTACCCAGC-1
CTAGACAAGCTAATCC-1
TGCGATATCGTTAGAC-1
AGACTCACACATTGTG-1
AGAGAGCAGCCACTCG-1
CCACGTTTCACGGTCG-1
TCACATTTCACATACG-1
AGAGCCCCAATTCACG-1
GTGCAGCAGTTCAACC-1
ACGCACGAGCTCTATG-1
AATTTCCGTTGCTGAT-1
TCCTAATTCGGACCAC-1
AACACACAGCAACTTC-1
AACCTTTCATGGCGCT-1
TCCTTTCAGTATTGCC-1
GCAGCCAAGGACTAAT-1
CTGATCCGTTATGTCG-1
GGGTCTGGTAAGATTG-1
CTCAGGGTCAGTGATC-1
GGGAGATCAAGTGCAG-1
AACCAACCAATCCTTT-1
CGATCGGTCATTGTTC-1
CTTCCTTGTGGTCCCA-1
GCAACATAGACATCCT-1
TGCACGGCACTTCTCG-1
ATCCTATCATCCCACT-1
CAGCCAGGTCATCTAG-1
AGCGATTCAGAGAATT-1
ATTCCTAGTTGTCTAG-1
TGGGCGTTCCCAAGTA-1
CTTTCAAAGGGTTAAT-1
TTCACCGCACGCGTGT-1
GTGCTTCTCCCTCTTT-1
AAGCCATGTCAACGCC-1
CTCCGATAGACCAGAC-1
AAAGTCCGTTAGGCCC-1
ACACTGATCACGGTCG-1
AATCACGTCCGGACGT-1
TGCATCCAGGATTCAA-1
TATTCCATCCCAGGCA-1
AGACCCGTCACTCACC-1
TACAGGTCAGTAACGG-1
TAAGTCGAGAGGCGTT-1
TTCTAACTCTTGGTGA-1
GTAGAGGAGTCCGCGT-1
TCTGTCGCAATTTCCT-1
GTAACCATCCTGGGTG-1
AGTACCAGTTATCTGG-1
CCGATCTCAATAGGGC-1
ATTACTCGTTCCCACT-1
TCGTGGGAGTGAATAC-1
GCAACATCAAGCGAAC-1
ACGTAGTAGTAACAGT-1
CTTGAGACATGTTACG-1
GGCAGTCCACTCCTGT-1
AGCTTCCAGGTTGGAC-1
AGCTACACAAGGGTCA-1
TATCGCCCACCCATAA-1
AATGGCTGTCTAACTG-1
TCTGCCAGTCGCACAC-1
CGAATTGTCCGGTAGC-1
GCACGTGTCGCATTAG-1
TCGCTCATCGTAACCA-1
ATGTCCCAGAAGGTGG-1
AACCTGACAATTCTTC-1
TCTCAGCAGACCATGG-1
GTAGAGGTCTGGTTGA-1
CCTCAGTGTTCTCCCA-1
TCATCCGCATAGAAAC-1
TTCACCGGTTGTGCAT-1
CAATGACAGACATAGT-1
TAATTCCGTTCCGCGA-1
AAGTTCGAGGGAGGAC-1
CCTCTAGTCTCATTTG-1
GTTGCTCAGCAGCCCT-1
CCTCTCCAGCTGGTGA-1
AGACCCGCAGCCATTA-1
CCTAAGAGTTAGAAGT-1
CAGTGCGCACATTACG-1
TCGTCCAAGCACTAGG-1
ACGATCACATGGGTTT-1
GACAGCCCATCGATAC-1
ACGTAACCATGAGATA-1
CATAAGCCATCCAACA-1
GACCAATGTACCAGAG-1
AGGACTTCACACACGC-1
ATAGAGATCTACACAG-1
GTGACGCAGGTTGAGC-1
TCGTCCATCTACTATC-1
TCCCACAGTAGACACG-1
ACCACAAGTGCATACT-1
TTGCCTGTCATCACTT-1
AGGTCATAGCCTGAGA-1
TACCGAAAGGTAGGCT-1
TACGCTCTCAACTTTC-1
ATGCCTCCAACTAGAA-1
AGCTACAGTTTCACTT-1
TTGGGCGCACATAGCT-1
TCATTACCAAACCATC-1
ATTTCACCATACACCA-1
AGGCATTGTTGCCGCA-1
CGCGTGATCATCGCCC-1
AGCTTCCCAGAGTAAT-1
CTGGACGGTATTTCTC-1
CGTAAGTTCTAATTCC-1
AATCGACCATGCAGGA-1
ACTCCCAAGAGTCACG-1
TACACCCCATTGACCA-1
GAATCACCACAACATC-1
AGAAGCGTCTCAATCT-1
AAGATAGAGATTGGGC-1
TTGTTCATCATGCAGT-1
ATTCACTCAGGTCAGA-1
TCAATCTAGGCACTAG-1
AGAAGTAAGTTTGCTG-1
ATTACCTAGCAGTACG-1
AACCTGATCCAAGCTA-1
GTAGAAATCTAGAACC-1
GCTGAATCAATAAGGT-1
TTCCTCTGTCTGCAAT-1
ACGCACGAGCCATATC-1
TGTTCTAAGTTCGCAT-1
CTCACTGGTTTCGTTT-1
AATTCCTAGAAACACT-1
AATCACGCAACTCATG-1
CACCGTTGTAGTTCCA-1
AATGACCTCTATACTC-1
TGATGCAAGCCATCCG-1
GGACGTCTCGCATTAG-1
GTAACCATCGATGGAG-1
GGTGGCTAGGCTAAAT-1
TAGAGTCTCTGGCCTT-1
TCGGGACGTCCGGATC-1
GCCATTCAGTCCCGAC-1
CCTCCTCGTGTCTTGA-1
CGTCCATGTACCGGAA-1
GCCATTCCACCGGAAA-1
TATCGCCCAGCTACTA-1
ATTTCACTCCAACACA-1
GTTCTATGTGACGTCC-1
AACGGGAGTATACCTG-1
ATAGAGAAGCCTGAGA-1
GTGAGCCGTTAATGAG-1
ACTGCAATCAAACGTC-1
CGATGCGGTCGGTGAA-1
TCATATCAGTGGTCAG-1
AAGTACCTCAAACGAA-1
ACTACGACAACACGTT-1
GCCAGGTGTCGAGCTC-1
TAATCTCTCAGCCCAG-1
TTCCTTCAGAAGCCTG-1
TGCGACGCAACTCGTA-1
TAGCACATCTCTCTAA-1
TCAGTCCAGCCTGAGA-1
GGGAGATGTCATTCCC-1
GCTACCTGTCCTTGTC-1
GTCATCCTCTCTCTAA-1
GACAGCCAGAATCTAG-1
TTTGGTTTCTTTCCAA-1
CGTCAAAAGGTTAGTA-1
ATAGAGAAGATCACTC-1
CGTAAGTTCTCAATCT-1
CTCAGTCAGAGCATTA-1
ATTCCATGTCCACTTC-1
TACACCCGTACTCGCG-1
TCAGTGACATAACAGA-1
GTGTTCCCATACGCAT-1
ACTATCTCATGGTGGA-1
CCTTCAGTCGTAGAGG-1
CTGAATGGTCACATTG-1
GAGAAATGTGCACAAG-1
CGTAATGCAGTATTCG-1
GTCCTCAAGGGCTGAT-1
ACCTGTCGTTTGGGTT-1
TTTGGTTTCTGACCCT-1
CGTCAAAAGTAGGTTA-1
CGTTCTGTCTCATGCC-1
TCATGCCTCCACTTTA-1
TGTACAGAGCTAAATG-1
AGACTCAAGTGCACTT-1
CTCAACCGTGAAAGTT-1
TCGCTCACACAGCCAC-1
ATTCACTAGAGAACCC-1
TACACCCTCTCGCCTA-1
CCACACTAGTCATGCT-1
TGTGCGGGTCTCAAGT-1
TGTCCTGAGGACTATA-1
GAGTCATAGGCCACTC-1
TAGGTTGAGCCTCTCT-1
CTGGTCTCACTTGGCG-1
CAGCAGCGTAGAAACT-1
TTTGGTTAGCATTGAA-1
GAGTTGTCAGTATGAA-1
GGAATGGAGTGTGTTC-1
TAACGACCAGCGTGCT-1
AGCTACATCCAGTGCG-1
ATTGTTCAGCGTGAGT-1
TGTAACGGTCCCAAAT-1
GTAACCACACTATCGA-1
CTAGGTAAGTCATGAA-1
AGCCACGAGCTGAGCA-1
TTCCACGTCACACCGG-1
AATCACGTCAAACCCA-1
TGTTTGTGTAGACAAT-1
CAAGAGGCAGAACGCA-1
TAGAGTCGTCAAGCCC-1
CTCAATTAGCAACTTC-1
TACTGCCCACCTCAGG-1
CTGCATCGTCTGGTTA-1
TAGGAGGGTGCTGATT-1
CGAGGCTTCCGACGGT-1
TTCTCTCTCGTAGCCG-1
CGCAGGTGTGAACCGA-1
ATCGGATTCTATCACT-1
CGAGGAACAAACGAGC-1
TCATACTCACATGTTG-1
GACATCATCCTTATCA-1
CCCTCTCCAATCGCCG-1
ACGTACACAAGCGCTC-1
CAACGGCAGGGCTAAC-1
ACTGCAAGTGGCCACT-1
CAGTGCGAGTTACGTC-1
GTTCATTGTGTCTCCT-1
ACTTCCGCAGTAGAGC-1
AAAGAACAGGACAAGA-1
GACTGATAGTTACGAA-1
AATTTCCTCCGATAGT-1
ATGGATCTCGCTGCGA-1
ACAAGCTTCGGCTCTT-1
TACTTGTGTGAACGGT-1
TTTGACTAGTCAGCCC-1
GGGTCTGTCCAAGGGA-1
CACGGGTCATGGCTGC-1
CTTCTCTAGTATGAGT-1
AGGAGGTCAGGCTACC-1
TACCTGCGTGTCTCCT-1
CGTTCTGTCACCGGTG-1
CAGATCACAATTAGGA-1
AGCGCCATCACTGTCC-1
GGTAATCCAATTGCCA-1
TGTTCTACACAGAGAC-1
AGGATAAAGTTGGCGA-1
ACCGTTCGTTTACTTC-1
ATTCACTTCCCGTGAG-1
CCGTAGGCACAGAGAC-1
CTAAGTGAGTGTTCCA-1
TCATTCATCTAGCAAC-1
CGGAGAACAACGTATC-1
ACAGAAAGTTCTTAGG-1
CCTATCGGTTGTAAAG-1
AGGATCTCAGCTTTCC-1
ATGAGGGTCGCAATTG-1
AGGATCTGTACGCTAT-1
CATGGTAAGATCGGTG-1
GTTTGGAGTCGTTGGC-1
ACCTACCAGTCATGGG-1
CCGGTAGCACTTTATC-1
TCATTCACAACACAGG-1
TGATTTCGTATTAAGG-1
ATAGACCTCGAAGCCC-1
AAACCCAAGTATGACA-1
TCAGGTAGTTACAGCT-1
ATCACGACATGGACAG-1
CATCGCTCATCGGAGA-1
CATCCCATCCCTCAAC-1
CATCCCACAACGAGGT-1
GCTTCACCACGTAACT-1
CTGTCGTTCTACGGGC-1
TTGTGTTTCACGAACT-1
GTGCTTCTCTCGCCTA-1
AGTGCCGGTATCTTCT-1
GTGGGAAAGCTCAGAG-1
TGCATGATCCACGGGT-1
TCGATTTGTTGGGTTT-1
AACGAAACACAGAGCA-1
CTGCTCACAGCAGTAG-1
GCCAGGTCAGTGTACT-1
CATTGTTAGACCGTTT-1
TTGACCCTCAATCCGA-1
CTGTAGAGTCTACAAC-1
AAGACTCTCTAGGCAT-1
CAACAGTCAATAGTAG-1
AGATCCAGTCCTGGTG-1
TTCCACGTCTCCATAT-1
AACAACCTCACAGTGT-1
CGAGGCTCATGACGAG-1
CAACAGTAGGTGGGTT-1
TTTCCTCCAGTCGGTC-1
CTGCATCAGGGCCTCT-1
GTACAACTCAACTGGT-1
GATCATGTCTTCCACG-1
GATGGAGGTCGCATCG-1
GTGAGGAGTCCTGTTC-1
TCCCATGGTGTCCAAT-1
CATCCCATCCAACACA-1
TCACTCGGTAGTATAG-1
TCTTCCTTCGACTCCT-1
TATCAGGCAACAAAGT-1
CATTCCGGTGCAAGAC-1
CTGAATGGTAACATGA-1
TCATCATAGTATCCTG-1
AATGAAGTCTCCTGAC-1
CCTAACCAGAAGCTGC-1
CAATACGCATCGCTGG-1
GAACTGTTCAGGACAG-1
CTCCATGAGGTATTGA-1
ATCCATTTCTGTCGCT-1
ACCATTTCACTTGGGC-1
ATTCATCAGCGCCCAT-1
TGTAGACAGACCTCAT-1
ACTCTCGCACCTCTAC-1
GTACAGTCATTCTTCA-1
CAAGCTATCGCCTATC-1
GCATCGGCACATGTTG-1
AGGAGGTAGTGGAAGA-1
CTCAACCAGAGGACTC-1
AGACCATAGGTAAGGA-1
CAACCTCTCTCCGATC-1
TGATGGTAGCACACCC-1
GTTTGGACATTGTCGA-1
TACACCCAGCCTGTGC-1
GGCACGTCACACGCCA-1
AAGAACACACTGAATC-1
TGTTCCGTCGTGTGAT-1
ATACCGAAGTAAACTG-1
CCGATCTCAATGCAAA-1
TTTGACTGTAAGCTCT-1
AACCTTTCAGTTGAAA-1
ACCTGAATCCCAGGCA-1
ATTCTACTCGAGTCTA-1
ATGAAAGGTTTCTTAC-1
CCTTTGGTCCTACAAG-1
AAACGAAGTCATGACT-1
AGGTGTTGTTACTCAG-1
TGCTGAAAGGTTATAG-1
CAATGACGTGTACATC-1
ACGGGTCCATACAGAA-1
CAATCGATCTTAGGAC-1
CATCGCTTCTCCAATT-1
GTAGTACGTTGCGGCT-1
TGCTTCGGTCCGGATC-1
TTGCGTCAGGCCACTC-1
TCGAAGTCACCTCGTT-1
CTCACTGCATAATGCC-1
CGTCAAATCGACATCA-1
TGGATCACATTCAGGT-1
TGCTCCACAGGTAGTG-1
ACAGAAATCTTGATTC-1
AGAGCCCAGCGTCTCG-1
ACACTGAGTCAATGGG-1
GTGGAGATCTCGAGTA-1
GGAACCCTCTTAGCAG-1
TCTAACTAGCCGTCGT-1
AGAGAATTCTTACTGT-1
ACGGGTCCAAGTGCAG-1
ACAGAAAAGCGTGCCT-1
TCATTTGGTGCGTTTA-1
TGTCCCATCAGCAGAG-1
GAAGTAAAGAGCATTA-1
AACCCAATCGACGATT-1
ACAGAAATCAGCAATC-1
CCAATTTAGTACTGGG-1
ATCGCCTTCTTGAACG-1
CTCCCTCTCATTGTGG-1
ATTCATCTCTGTCGTC-1
ACTTTCAAGAGCAGTC-1
ACGTTCCTCGCATTAG-1
GAGCCTGTCACTTCTA-1
GCCCAGATCCTGTTAT-1
CACTGTCCACTTTAGG-1
GTAATGCGTCATGGCC-1
TGGTAGTGTCAGCGTC-1
TACTTCAAGGGTACAC-1
TCTATACGTTTCGATG-1
GCAGCTGCAACTGGTT-1
TTAGTCTAGCGAGTAC-1
TTGTGGATCTTCCCAG-1
TGCATCCAGTGTTCAC-1
TTCCTCTAGGATATGT-1
GTGTAACTCGTCGCTT-1
CATCGCTAGTAACCGG-1
AGAAGTATCGCACGAC-1
GAAGGACGTCGTTATG-1
GCAGGCTCAACTGATC-1
CATTCCGGTAGTTCCA-1
TCTCAGCAGGTCCTGC-1
TCAGTGACATTGCTTT-1
TCTCAGCAGCCGCTTG-1
TATTTCGCAGAGTTGG-1
GGTAACTGTTCGTTCC-1
TTCCTTCTCATCCTGC-1
CTGAGCGCATGGGTTT-1
TTGGGATGTGGGATTG-1
CTGTACCCATCCGCGA-1
TGGGCGTAGTTGGAGC-1
GCCGATGAGTCGCTAT-1
TGAGGGAAGTCCCGGT-1
GTGCAGCAGACGTCGA-1
CATTCCGAGCAACAAT-1
CGTAATGAGAGGCCAT-1
TGGGCGTCACGTACAT-1
ACCATTTGTGCCTTTC-1
GATGTTGGTCATGACT-1
TCAGTGACATCCAACA-1
ACGTTCCGTACTGACT-1
TACTGCCTCAAGTGGG-1
GTCATTTGTAGGGTAC-1
GTTGCGGCAGCTTTCC-1
ATCCCTGGTAGCTGCC-1
CACCGTTAGATACTGA-1
AGGTTGTTCGTAGTCA-1
TAGACCATCAATCCGA-1
TGGGCTGAGGGCATGT-1
TCCATCGCATCGGATT-1
GAAACCTTCTGCATGA-1
GCCAGTGAGGCTGTAG-1
CAAGAGGTCCTTATCA-1
CACTGTCGTTTACTGG-1
CTAGACACAGGCTATT-1
TAACTTCGTTTGATCG-1
TCCAGAATCGTTGTGA-1
GATTCTTTCTTACTGT-1
GTCTGTCCACAGGATG-1
TTGGATGCAAGGCCTC-1
TGCGATACATAGCTGT-1
AGGTAGGTCAGACCTA-1
AGTCTCCTCGGCTTCT-1
CCGCAAGGTTTGCCGG-1
TGGGTTAGTTTACCTT-1
TGAGACTTCACCTCTG-1
CATAAGCAGCCACCGT-1
GGGATCCTCCGCTTAC-1
TGCATCCTCGTGGGAA-1
CACCGTTTCGAAGCAG-1
TCTCAGCGTATCGAGG-1
GGGTGAAAGAGGCTGT-1
GTGACGCCACCGGAAA-1
TGACAGTTCGAGTCTA-1
GTAACACTCGCCAGAC-1
GAGTTACTCCATACTT-1
TTGTTCAGTTAATCGC-1
ACAGAAAAGGTAAAGG-1
GCTGGGTCATCGAGCC-1
TGGGAAGTCGATTGAC-1
AGGCATTGTCTACTGA-1
TCCAGAACACAGACGA-1
TTCTAACAGAAGCTGC-1
CCACAAACAGCTCCTT-1
TGCATGAAGACCAAGC-1
AAGTTCGAGTGAACAT-1
ATCCACCGTTACAGCT-1
ATTACTCGTCCAAAGG-1
TGGGCGTTCTTCCGTG-1
TGGAGAGCACGAAGAC-1
AGAACCTTCTCTAGGA-1
TTCTAGTGTAACAGGC-1
TATCTTGCACCACTGG-1
AGGTCATAGCTCCATA-1
TACTGCCCACCTGCGA-1
TCCCACAAGCAGCGAT-1
TACAGGTTCTAGGCCG-1
TAAGCACCAGCAGTAG-1
CCGGGTACACACACGC-1
CCTCACAGTCGGTAAG-1
TGGGATTGTGCCTAAT-1
AATAGAGCAATACAGA-1
GCACGTGAGGTCCCTG-1
ATTACTCCACATACTG-1
TCTGGCTCACCTCTAC-1
TACACCCTCTTCGGAA-1
TACCGAATCGCCTCTA-1
GAAATGAAGTGCTACT-1
TCACATTAGAATTTGG-1
ACCCTCACACAGACGA-1
ATCGTAGAGCCTATCA-1
ATCCATTCACGGAAGT-1
GCCCGAACAATCACGT-1
CACACAAAGCACTAGG-1
AACGAAAGTTCCGCGA-1
CGCCATTTCTTCGCTG-1
TTCTAGTAGAGTGTTA-1
CTTACCGCAGGCCTGT-1
CGGTCAGTCTTGCGCT-1
GCGAGAACATAGATCC-1
GTAATCGCAGAGCCCT-1
ACCTGAAGTGCATGAG-1
AGCCAATCACCAGCCA-1
CAGTTCCTCAGTGGGA-1
GGTAACTGTTTCGTAG-1
CATGAGTAGTGCCCGT-1
AGGGTGAGTTTCTTAC-1
CTGTGGGGTATCCTCC-1
AGTTCCCTCCGAGGCT-1
TCTATCACAAACGAGC-1
CTCCATGGTGTATTCG-1
TGCGATAGTGGCACTC-1
ACTCCCAAGTCTCCTC-1
TCGTGGGTCTCCAATT-1
AATCACGTCGCCAACG-1
TGAGCATCAACGTATC-1
TGGGCTGTCCTCTCTT-1
TATCGCCTCAGCGCAC-1
GTGACGCAGCAACTTC-1
TTAGGGTCAGAACTTC-1
CAACCAACATCTCCCA-1
TCCTTTCAGAGTCTTC-1
CTACATTTCTTTGGAG-1
TCATCATGTGACTATC-1
CACATGAAGTACGTCT-1
CGGCAGTAGCTTTCCC-1
TTGGGATCAAGACGAC-1
TGTTGGAAGAGCTGAC-1
ATTTCTGCAGAGATTA-1
CCCGAAGGTAGGTTTC-1
CACGTTCTCTCAGTCC-1
TGCGGCACAATGAACA-1
TGGGATTTCGCTCTAC-1
ACTATCTCACCTCGTT-1
CTGTCGTAGTCTCCTC-1
GATAGCTAGGTGCTAG-1
TCCGAAACAGCTTTGA-1
TTTCATGGTCAACGCC-1
CGCGTGATCTCATTGT-1
ACAGAAATCAAGCTTG-1
GTAATGCCATTGACAC-1
AACAACCTCTCTTCAA-1
CGAAGTTTCGATCCAA-1
TGCTCGTTCGTCTAAG-1
TTGGGATGTATCGCTA-1
CTCAACCGTACAGCGA-1
ACAGAAAGTGACTCTA-1
TTAATCCCAGACACAG-1
TCCTTTCGTTAGCTAC-1
AGCTCAATCTGATTCT-1
CGCATGGTCGTAGAGG-1
TTCCTCTAGACGCCAA-1
TCCGAAAAGACGCTCC-1
TACCCACCAAGTCGTT-1
CATGCTCTCGGCTCTT-1
GACTCAACAATACGAA-1
GCACTAATCTGAGATC-1
GTTCCGTAGGGCGAGA-1
TTTCCTCGTGAGCAGT-1
CTCAATTAGCCGTCGT-1
ATTACTCCATACTGTG-1
TCTAACTCAAGAGATT-1
CTCCCTCCATCTTTCA-1
ATTTACCTCACAACCA-1
CTCAATTGTATCTTCT-1
GTAGAGGTCAACCTTT-1
TATTGGGGTTCCACGG-1
AGATGAATCACTCCGT-1
TTCTTCCGTAGCTTTG-1
AACGAAAGTGCTCTCT-1
GTTCCGTTCTTTGCTA-1
TTCTGTATCAAGCCCG-1
CGGGTCACACTTGGCG-1
GTCCCATTCATCTCTA-1
TCTACATTCGTGGTAT-1
CAGAGCCGTATGCGTT-1
CCACGTTGTTCTCCCA-1
GAGGCAAAGGGCAGAG-1
CCTTGTGCACTTTAGG-1
TTTGACTGTATCTTCT-1
ATGATCGTCTAGACAC-1
CTGCGAGTCTATCACT-1
TCATGTTTCCATTGGA-1
GTGGAGAGTTCTGACA-1
GACCAATCATGAGAAT-1
CCACGTTGTTGTCCCT-1
AATCGTGGTGGGTTGA-1
TTCGCTGAGTAAGCAT-1
CTCCCTCAGCAGAAAG-1
CCCATTGGTTCTTAGG-1
AGTCACAGTGGCTTAT-1
GTCATCCGTTGCGTAT-1
TTCACCGGTCGAACGA-1
AGGAGGTAGGAAACGA-1
AAGACAAGTACAACGG-1
TTTATGCAGAGAATCT-1
TCAGTCCGTGTCCGTG-1
TTACGCCCAGACAATA-1
ACCCAAAGTCTCGACG-1
TTCATTGTCGTCGGGT-1
GTCTAGAGTCGCTCGA-1
TTCTAACAGTTTGAGA-1
TTACCGCAGCATTGAA-1
AGATAGACAAGAGGTC-1
CCGTAGGTCCCAATAG-1
CGTTCTGTCAATGTCG-1
CTTAGGAGTCGTTATG-1
TTGCATTCAGACAAGC-1
TCGTCCAGTGATACTC-1
TCCACGTGTGAGAACC-1
CCCTGATTCGATACGT-1
ACTTATCCAACCACAT-1
TTGTTCACAAATACAG-1
GAAGGACAGTAAAGCT-1
AGTCAACCACAACGTT-1
TTTGATCCACGGCTAC-1
TCTCCGACAGTGACCC-1
GATTTCTCAAGTATCC-1
ATGCGATCACCGTGGT-1
GTGCGTGCAAGTACCT-1
TGAATCGGTTGCCGAC-1
CAACAACGTAGGTCAG-1
TTCCTCTGTCACAGAG-1
TGTGAGTGTATCCTTT-1
TCATTCAAGGTAAACT-1
AGGGCCTAGCAACTCT-1
TACACCCCATGGCACC-1
GTGCGTGAGTGTTCAC-1
TTAGTCTGTAGAATAC-1
TGAATCGAGTCGCTAT-1
AAGATAGCACGGCTAC-1
GTTGCTCAGAGATCGC-1
GTTGCGGGTCTCGCGA-1
TACGGTATCCATTGCC-1
TTTGGAGGTAGTACGG-1
CTCAAGAGTGGCGCTT-1
GCCCGAAAGCTACTGT-1
TAGACTGCAGACAAGC-1
AGGAAATTCTAGTGAC-1
ATGTCCCTCTCACTCG-1
GCTACCTGTAGCGATG-1
GAGTGAGTCTGCTTTA-1
TTTCCTCGTCGCAGTC-1
GTCATCCGTATTGCCA-1
TAGCACAGTACAAGTA-1
CAACAACTCCCAGCGA-1
ATCCACCAGGCATCGA-1
CTCAGTCTCCGTAGTA-1
CATTCCGCACACGTGC-1
CGTTAGAAGAAGTATC-1
GTAACACGTCCTACGG-1
CCTTGTGTCTGAGAAA-1
CTACTATGTCACTTCC-1
CGGGTGTTCCGATCGG-1
ACGATCAGTTCCAGGC-1
ATGGGAGAGGTGATCG-1
TACATTCTCTGTTCAT-1
ACAGAAACACACCTGG-1
GAACGTTTCCAACACA-1
TGCACGGCACGGCCAT-1
CCGGACAAGTGCAGCG-1
GGAGAACTCGCTGATA-1
AAAGGATCATCTATCT-1
TGGGCTGTCTTCCTGA-1
ATCGGCGAGTAAGGGA-1
ATGACCAAGGTGCATG-1
TCATTGTCAGCAGTTT-1
GGGCTACCACACGGAA-1
CTTCCTTTCTGGGCAC-1
TCATGAGTCAAAGGAT-1
AAAGTGAAGCACTCAT-1
GGCAGTCCACATATCG-1
AACTTCTGTCTACACA-1
CTCCACATCTTTGCAT-1
TCCACCAGTAGACACG-1
TCTGGCTGTTGGAGAC-1
AGTAGTCGTTACAGCT-1
CCAATTTAGATACGAT-1
AGAGAGCCACAGCCTG-1
ACATCGATCCTAGAGT-1
CAAAGAACACGTAACT-1
CTGTGAATCGCTGACG-1
CTAACCCGTAGACGTG-1
AGTGCCGAGTAGGATT-1
CTTTCGGTCCTCCACA-1
TCAATCTAGTTGCATC-1
GTTATGGTCATGCCCT-1
AGTCACATCTGATGGT-1
AACCACAGTAGGTACG-1
CTTCCGATCGCCGAGT-1
AAGATAGTCTGAACGT-1
GTTACGAGTATTTCCT-1
GTATTTCGTCGGTGAA-1
TCTCCGATCCAATCTT-1
ACGTAACGTACTAAGA-1
AATGAAGTCCACACCT-1
TTACGTTCATTCCTCG-1
ATTCACTAGTGGGAAA-1
CCTCTCCGTACTGGGA-1
TGCCGAGTCGGTTGTA-1
TCTCAGCCACGACGAA-1
TTGGGCGAGGATGCGT-1
AGCTTCCTCCACTGAA-1
CTAACCCAGGGTACAC-1
TCAGTTTAGCGTGCCT-1
CCCTCAATCTGTCTCG-1
CGTGAATTCTTCCGTG-1
TTGTTTGCAGTTGCGC-1
CTACATTCAGTGACCC-1
AACCAACAGGGTCACA-1
AGGTCATCAGCTTTGA-1
CGGGTCATCCCTATTA-1
TACCCGTCAAATGAGT-1
GCCATTCAGAGCACTG-1
TACAGGTTCTCTATGT-1
TTAGGCAGTGAGGATC-1
GGCTTTCCACAAGCAG-1
ATCGTAGGTCCACGCA-1
TGCAGTACAGCCTTCT-1
TACTTACGTGGTATGG-1
GTCTAGAGTACAGGTG-1
CCTAAGAGTTAATGAG-1
CCCGGAAAGCCTTTCC-1
TCATTCACACATGTTG-1
ATCTTCAGTCGTCAGC-1
TTACGCCGTCCAGAAG-1
GATCCCTTCTCAATCT-1
TGCGACGCACCCGTAG-1
AGCTTCCGTATTGAGA-1
AGTCATGCATGTTCAG-1
GGAGAACCAATTGCTG-1
AGGGCCTTCACTTGGA-1
GATCAGTAGAAACTAC-1
ATGAGTCCAACAAGAT-1
CATCCCACAGGGCTTC-1
GTAGAGGAGCGTGTTT-1
GTTAGACTCGTGGAAG-1
GGCTGTGTCTATTTCG-1
TTGACCCAGACGGTCA-1
TCTCACGCACAAATGA-1
ATTGTTCTCTAAGCGT-1
GACTATGTCATGCCAA-1
AGCTTCCCAGGTGTGA-1
TATTGGGAGCGCACAA-1
CGGAATTTCGACATCA-1
AACCCAAGTCAAAGTA-1
TGTGTGAAGAGGCCAT-1
TGTTGGACACATGACT-1
TGATCTTAGTATGCAA-1
CTGTACCGTATATGGA-1
GATTTCTGTTGTATGC-1
ACATCGATCACCTTGC-1
CCGTTCATCCCGAGGT-1
TCGCACTAGTTTCGAC-1
TCAGTGAGTCACGACC-1
ACACGCGTCGTCTACC-1
CTAGACACACTAACCA-1
TCGACGGGTCCCTGAG-1
ACTCCCAAGGGAACAA-1
GTCAAACTCAAGCGTT-1
AGACTCACAACGTAAA-1
CATCGGGCAGCTGTAT-1
GTCGCGAGTTCAAGTC-1
TCCTCTTCATGCCGGT-1
CACTGGGAGCCACCGT-1
ACAAGCTTCGAGCTGC-1
ACTTAGGAGATCGCTT-1
CTGGCAGCATCAGTGT-1
TGCTTGCGTTCCATTT-1
GTGTTAGGTCCTTAAG-1
GCACTAATCGTTGTGA-1
ATGCATGGTCTAGGCC-1
GGGAAGTGTTGATCGT-1
TGGTTAGCAGCGCTTG-1
ATGAGTCCAGACCATT-1
ACTCTCGAGAGTGACC-1
GATGGAGTCTACCTTA-1
GTAACACCAGAACATA-1
ACGTAGTGTTGCTAGT-1
GAGGGATTCTAACGGT-1
TTACTGTAGTTTGCTG-1
GGATGTTTCGGCTTCT-1
CGTCAAATCGGTCAGC-1
TCGACCTGTGATCGTT-1
TATTTCGTCAGGCGAA-1
CGTGCTTAGTTGCGCC-1
ACGATGTGTCTGTGTA-1
CCTCCTCTCGGTATGT-1
TGTCCTGCACGTCGGT-1
TCTGTCGAGCCATTTG-1
GTTAGTGAGATAGTCA-1
AGGTCTACAAGTTGGG-1
ACCAACAAGGGAGAAT-1
GATCAGTCAGTTCACA-1
GCCAGCAGTCACAATC-1
ATGTCTTGTGCTCCGA-1
GTGCTTCCAGCTACAT-1
CCCTTAGCATGGCCCA-1
TTTCCTCTCAGCGGAA-1
AACAGGGCATTGGGAG-1
ACTTATCGTGCTCCGA-1
GGGACCTAGTCGCTAT-1
CATCGGGGTGGTCCCA-1
GTTCATTCAGGACTTT-1
TGGAGAGTCGTTCCCA-1
CCGCAAGGTGCTTCAA-1
CATGGATTCGCTAATG-1
GATGCTATCACCGCTT-1
TGCTCGTAGCTGACCC-1
ATGAGTCGTTCTTAGG-1
AAGGTAATCCTCAGAA-1
AGGGAGTTCACTTTGT-1
CGTAATGGTCCCTGTT-1
TGGAACTTCGTAGATT-1
ATCTCTATCCACCTGT-1
TTCCTCTTCAGACTGT-1
GTCTGTCTCTATCGTT-1
CCAATTTTCTGGCCTT-1
ACCAACATCTTCTCAA-1
ACAGCCGTCCCGAAAT-1
ATCGGCGGTAACAGGC-1
ATGTCCCTCATTCGCT-1
AGTTCGATCCGCTGTT-1
CATCCGTTCCATGAGT-1
ATCGTCCTCCCAGCGA-1
TAACCAGAGCAGGTCA-1
CGAAGGAAGGCAATGC-1
TCCCAGTCAGGGTTGA-1
ATTCTTGTCCATCAGA-1
CTAGACAGTACAAGTA-1
TTGCATTCACAATGCT-1
TCGACCTGTTCTTGCC-1
GTTAGTGAGGAAGTGA-1
TGATGCATCATTCTTG-1
ATTCGTTCAACTGAAA-1
TTGGTTTGTCGACGCT-1
GAACGTTTCAGTCCGG-1
AACCATGCAGGTGGAT-1
GTTACCCAGGTCATCT-1
TCATGCCGTAGCTTAC-1
GTACAACAGCGTTCAT-1
CCCGAAGGTTCTCACC-1
GTAGGTTTCATCGTAG-1
CGCCAGAGTTTCGTAG-1
CTCACTGTCGTTCCTG-1
GGGTCACAGCATGATA-1
TGCATCCGTATCACGT-1
GAGAAATGTTCGGGTC-1
CATACTTAGGATACAT-1
CCGAACGGTATCAGGG-1
ACACAGTTCAACTCTT-1
TCCTGCACATGTACGT-1
CATTGAGAGACCAAGC-1
TCACATTAGAGTCGAC-1
CATGCAATCGATACTG-1
TACTTACGTACAATAG-1
CACACAAAGATCACTC-1
GTACAACGTCAAGCCC-1
GCCAGTGTCCGTACGG-1
GAAGCGACAAGAGATT-1
AAACGCTGTCCCTAAA-1
CGACAGCTCCCAACTC-1
GATTCTTGTTGCGTAT-1
GTTGTCCCAAGTGACG-1
TTTCATGAGGATGGCT-1
AGGGTTTAGGAAGTCC-1
ATGGTTGCATGCCATA-1
GCGTGCATCCTAACAG-1
ATCTTCATCTGACGCG-1
AGTCATGCACAAGGTG-1
CAGCCAGGTACGTAGG-1
TAAGCCAAGATGCTGG-1
TAGACTGCACAACGCC-1
GTTGTAGGTCGAACAG-1
AGACCCGCACCTTCCA-1
GCGAGAATCACTTGTT-1
TCCTAATGTAGTTCCA-1
TTTAGTCTCCGAAGGA-1
AAGCGAGAGAGTGTTA-1
TTACGCCGTACGGTTT-1
AGTAACCCATGACCCG-1
TCGTCCAAGCTACTAC-1
TACCGAACAGGATTCT-1
ACGTAACTCGGAAACG-1
AGGTCTACAAATCAAG-1
TCGCTTGGTACGAGTG-1
TTAGTCTTCAGCAGAG-1
CTACCCAAGATAGTCA-1
TGGGTTATCTTGCAGA-1
TACATTCGTTTACCTT-1
AATGACCAGTCCGCGT-1
TCGCACTCAGAGGCAT-1
ACCTGAAGTCCAATCA-1
CGTTGGGAGGATACCG-1
CATTCCGGTAGTCTGT-1
AATGGCTTCATCGACA-1
TCGATTTTCAAATGCC-1
AGTAGCTTCACCATGA-1
CTATCCGTCATCGCTC-1
ATACCTTTCACCTTAT-1
GTCAGCGCATAGGCGA-1
TCATCATAGGAACGAA-1
CATCCGTCAGCGATTT-1
GAAGCCCAGGCACAAC-1
CTAGACAGTCAGTTTG-1
CCGGGTATCGACATAC-1
TTAGGGTTCCTTCGAC-1
TCAGTCCTCGCCAACG-1
TTCTAGTTCTCCCAAC-1
TCGTAGAGTGGGTTGA-1
CTCTGGTCACTGTCGG-1
GTATTTCAGCGACTGA-1
TCTCAGCTCGGCTCTT-1
TCACGGGGTACGTACT-1
CCACGAGTCTATTGTC-1
TGACTCCAGTGAACAT-1
AATCACGTCAAGAAAC-1
TCTAACTTCTGGGCGT-1
AGAGAATAGGTATTGA-1
AGCGCCAAGAGACAAG-1
TTCCACGTCTTTCCGG-1
TCTACCGAGAACAAGG-1
ACCTGAATCAAAGGAT-1
GCAACATCAAAGTGTA-1
CTTGATTTCACTGCTC-1
TAACACGGTAGGACTG-1
ACCCTCAGTTACACAC-1
ACATGCAAGACATATG-1
CAATTTCTCTTGGAAC-1
TTCGATTCAGGGCTTC-1
ACTACGATCAACGAGG-1
TTCCACGGTATGCGGA-1
AGTGATCCAAATCGGG-1
ATTCCCGTCAAGAATG-1
GACTTCCAGGCGAACT-1
GCTTCACTCAATGCAC-1
GAAGCGAAGTCGCGAA-1
GAGTGTTTCATACAGC-1
TCGGATAGTCTGTGCG-1
TCGACCTCAAGGACAC-1
ATTCCCGTCCGCGGAT-1
CTCAACCGTATCGTTG-1
TCTTGCGCATGATGCT-1
CACTAAGGTCAGCTTA-1
TTGGATGCAAGTTTGC-1
GATCAGTGTTGCATTG-1
CCTTGTGGTGACTATC-1
TTGTTCAGTAGCGTTT-1
TTGGATGCAGCATGCC-1
GATCAGTCAGCCTTCT-1
GGAAGTGTCTACACTT-1
GCAGGCTGTAAGATAC-1
TCAGGGCCAGACCAAG-1
CACGTTCTCGTTACCC-1
GATTCGATCGCCAGTG-1
CTGCCTACACCCTGAG-1
CGTGAATCATTCACCC-1
ACCCTCATCTGTCGCT-1
GCCCAGACAAGTCATC-1
GCATTAGGTTACCTTT-1
ACTATCTTCATAGACC-1
GTAATCGCAACACTAC-1
AAGGTAAGTCGTACAT-1
CAAAGAAAGTGGCAGT-1
AAGATAGAGGATCATA-1
ACAGCCGTCACCATCC-1
TTAGGCAGTTGGAGGT-1
CAACCAATCGGTTCAA-1
TACGGGCAGGAGAGGC-1
TTACTGTGTCAGACGA-1
GATTCGATCTGTCCGT-1
TCTCCGATCCATTTCA-1
AGGCCACTCTTCGGAA-1
GTAATGCGTACCGGAA-1
GTAGCTAAGCACTCGC-1
TAAGCACAGTACTCGT-1
CTCTCAGCACGCTGCA-1
AACTTCTAGAATGTTG-1
TTGGTTTCAATGGCAG-1
AACGGGATCTGTGTGA-1
AGGATCTAGTAATTGG-1
AGGCTGCCATACCAGT-1
AGGGCCTCATTCTTCA-1
TTCTTCCTCCGCAACG-1
ATTTCTGGTGTCGATT-1
GACTCTCCATTGCAAC-1
TCATCCGTCTGCGGGT-1
CTCCCAAAGGCGTCCT-1
GTGGTTAAGCTTCTAG-1
CGGGACTCAGGCACTC-1
GGTTAACAGGCATGCA-1
TAACGACCAAAGGCGT-1
AGGAAATTCTGTAACG-1
CGGCAGTGTAGCTAAA-1
AGCGTATCAGGCACAA-1
TCCCACAAGTTGCGCC-1
GGGAGATGTTGCAAGG-1
TGAGACTGTTTAGACC-1
AGGACGATCGCTTGAA-1
GGGACCTCAGGAGACT-1
TTTGGTTCATCCTCAC-1
GACAGCCTCCAACCAA-1
TGTACAGTCAACCTCC-1
CAACGATTCGATCCCT-1
AGTCAACTCCCTGTTG-1
CTTCTAAGTAACACCT-1
TCAGCCTCAATACGAA-1
TGACAGTCACTGTGAT-1
TTCAATCCACGACGCT-1
CTGTACCGTTGTATGC-1
ACTATTCAGCCAAGTG-1
AATCGTGCACCAGTAT-1
CACTGAATCGAACGCC-1
TTCTCTCTCGCATAGT-1
AGCCAATCACATGGTT-1
AACAAAGGTGCACGCT-1
CACATGATCCCATAAG-1
ATCGATGTCACATCAG-1
ACAGCCGCACCCTGTT-1
CGTAAGTCAATAGGGC-1
TGGGTTACAAACAGGC-1
TTCTCTCGTGTGCCTG-1
GCAGTTACATCTCAAG-1
TAAGCCACAACGGCTC-1
CCGCAAGAGGTGCATG-1
ACTGTGAGTCCACTTC-1
GATCACATCTACGCAA-1
ACGGTCGTCAACCCGG-1
CTCCGATAGGATTACA-1
CTGGCAGTCAAGTTGC-1
AGTCACAAGGTAGGCT-1
GTGCAGCTCTTGTGCC-1
CTTAGGAGTGAGCGAT-1
GACCCTTAGGCATCAG-1
ACGGTCGGTTCTCTAT-1
CCGTTCATCTGCAGCG-1
GGCGTCATCCACGTGG-1
TGATCAGCAGTGACCC-1
TTCCGGTGTTGTGCAT-1
TGTTCATAGGGCCCTT-1
TACATTCAGCACTCTA-1
GAAGCCCCAACGATCT-1
ACTGTGAAGTAGTCCT-1
GTCGTTCGTAGCGTCC-1
TAGACCATCCTTTAGT-1
AACCACATCTTCGGTC-1
TTTACCATCCTTCTTC-1
GATTCTTGTATCACCA-1
AATGGCTGTTGGACTT-1
CGATCGGTCGGCAGTC-1
GCACTAAGTATGGAGC-1
ATGAGTCGTCCGGCAT-1
CAGTGCGAGGGTACAC-1
CCATCACCATACCACA-1
AAACCCAGTTGGACTT-1
TGGCGTGAGTCAATCC-1
CGAGGCTAGCTGTCCG-1
GGAATGGTCATTGGTG-1
ACAAAGACAGAGATTA-1
ACTTCGCTCACACGAT-1
GGCTTGGCATCGAGCC-1
TGTTCTAAGCTTGTTG-1
GCAACATAGACGTCGA-1
GACTTCCGTAGCTGAG-1
AGTTCCCAGTGACAGT-1
CCGATCTGTATTTCCT-1
CGGGCATTCCACACCT-1
GCTACAACATTAAAGG-1
TCACGCTAGCATGCGA-1
CACTGAAAGTCGAGGT-1
GCATTAGCATGGAGAC-1
TCGCACTGTTGTGGAG-1
GGAGCAAAGCAGTAAT-1
TCCCATGAGGGTACAC-1
GACCCAGTCCCAAGCG-1
TCTATCACAAGAATGT-1
TCCTCTTCATGGCACC-1
CAATACGAGCCATCCG-1
ACTGCAAAGAGCAAGA-1
CGTAATGGTTGGACCC-1
ATATCCTGTTTGTTCT-1
ACGTTCCGTTGCCAAT-1
GCCAGCAAGACTCTTG-1
TCATGAGAGCTGGCTC-1
GCTGAATGTACATACC-1
AAGAACACATGGGTTT-1
TCCTGCACAGCCCACA-1
GCTCAAAAGCCGTTGT-1
TCGCTCAAGGTAGCAC-1
TATCTTGCAGTTAAAG-1
CTCCATGAGCTAGTTC-1
AGAACAATCTGAGGTC-1
ACTTTCAAGTCCTGTA-1
CGATCGGCACACGCCA-1
AAACCCAAGGTTGAGC-1
TTAGTCTTCCCAACTC-1
GAGGGATTCGACCCAG-1
CTACTATGTGTCATCA-1
CATTGTTCATGCCGGT-1
CTACAGATCACTGATG-1
ACAAGCTAGACCTCCG-1
TGATGGTTCGACCTAA-1
AAGATAGAGCAAATCA-1
ATTCACTCACTTGGGC-1
ATGACCACAGTCGTTA-1
GTCCCATTCGTTCTCG-1
ACGTCCTTCCCGAACG-1
TAACACGCACTTACAG-1
GTGCTTCGTTCTCACC-1
TTGATGGAGCCGTTAT-1
AAGTTCGGTGCATCTA-1
GTTGAACGTTGGGTAG-1
AGTAACCCATACACCA-1
AACAACCAGATGATTG-1
CCATCACTCGAACCTA-1
ACCACAACATAGGAGC-1
CGCATAACACAACCGC-1
TACCCGTGTTGCGGCT-1
CAACCTCCATGCACTA-1
GCAACATTCATCGTAG-1
TACACCCCAGACATCT-1
GCATCGGAGAAATTCG-1
TCCAGAACAGCATTGT-1
CACAGGCGTTCAGGTT-1
AGAACAATCATTACGG-1
TTTGTTGAGAAATCCA-1
ATGCATGGTTCGAAGG-1
AGTAGTCGTAGAGTTA-1
GTTCCGTTCCTACCGT-1
AAATGGAGTAATGATG-1
CATCGTCTCTTGATTC-1
GGGTATTAGCATCAAA-1
CCCATTGCACAGTCCG-1
GTTGTCCGTCTACGTA-1
CGGTCAGAGATTAGAC-1
GGGACAACATACAGGG-1
TCTGTCGGTGCAGATG-1
CAACCAATCCACAGCG-1
AGCTACATCACTCACC-1
CGTTGGGTCTGAGAGG-1
CTCCGATGTTCGGGTC-1
CTTTCAAGTTGGATCT-1
CCACCATTCGACATTG-1
AAACGCTTCAATCTTC-1
ACGTACATCAGCGCAC-1
CTCCGATGTTCCTTGC-1
TGAGGAGTCGCTAAAC-1
ACAGGGACATGCCGAC-1
GGGACCTTCAGCTCTC-1
CTCCCTCTCCCTCTCT-1
TCACGCTGTTCGTACA-1
AAACCCACACCTGCGA-1
ACGTCCTAGTGCAACG-1
GTCGTAACATGACGAG-1
CGAAGGAAGCTAGCCC-1
ATCGGCGAGATAGCAT-1
AGAAGTACAGTCGTTA-1
AGTCTCCTCACCATCC-1
TTCTGTAAGCCAAGGT-1
GACTCTCAGCATTGTC-1
GCGGAAATCGCCACTT-1
GCCCAGAGTCTCCTGT-1
AACGTCAGTACCTGTA-1
GTCTACCTCGTAGCCG-1
TGGGTTACATTGACCA-1
TGATCAGTCCTGGTCT-1
CGATGCGGTACTGCCG-1
CTAACCCCAGAATTCC-1
ACTCCCACATCAGCAT-1
GTCGTAAGTCTACGAT-1
GAAGTAAGTACCGGAA-1
AAGACTCTCCCTCAAC-1
TTCCTAAGTGTAAACA-1
GTCATGACAATTTCTC-1
GCAGGCTTCCACGTCT-1
GTCAAACCAGGCAATG-1
GTCGCGAGTGGCATCC-1
TCCATCGCATACCAGT-1
CAACGGCTCTGCCCTA-1
CGGGTCATCGGATAAA-1
GCCAACGGTACGATTC-1
AGTAACCGTAGTCGTT-1
TCTACATAGTGAGGTC-1
TATTTCGGTGCACATT-1
CTCATCGGTCGTTATG-1
TGCTCGTAGGCCGCTT-1
ATCAGGTAGATCACCT-1
ATGGGAGTCCATTGTT-1
CTTAGGAAGGTTACAA-1
TTTATGCCAGACAAGC-1
ACTTTGTCACTCTCGT-1
TCATCATTCAAACCTG-1
TCGGGCACACGCCAGT-1
TAAGTCGTCTGTCCGT-1
TGTTGGACAGTATACC-1
GTTGAACAGGAATTAC-1
CTTCTCTTCTCCCAAC-1
TCGAAGTCACCACATA-1
CGTAAGTAGTGATAAC-1
GACAGCCTCCACTGAA-1
ATGGGTTAGCGGGTTA-1
ACATTTCAGCGGTATG-1
AGTGATCGTTCATCTT-1
TGCCGAGTCGCTTGCT-1
ATGTCCCAGAGTGTGC-1
GATAGCTCACTTGTCC-1
ACTTCGCTCACCTCGT-1
TCGAACACACCGTCTT-1
GACTCTCTCTCGTCAC-1
GATGGAGAGATGCAGC-1
GGGTATTGTTTACCTT-1
TACGGTACAATGAACA-1
ATGCATGAGTAGCTCT-1
CCGGACACATTATGCG-1
TGTGCGGTCCATCGTC-1
GACAGCCAGGTTGTTC-1
TACCTCGGTGCCTAAT-1
GACATCACAAGTCCCG-1
TTTCATGTCACAACCA-1
ATTCTTGTCGTTTACT-1
CGTCAAAGTGATTCTG-1
TACGGTAGTGTTAAAG-1
TCATATCCACCACTGG-1
TCGGTCTTCATAGACC-1
ACCTGTCGTTTGGCTA-1
GTGTTCCAGTGGCCTC-1
GTAGAGGAGGCGTTTC-1
GCCAGCATCATGCGGC-1
TATTCCACAGACCTGC-1
ATGCCTCTCAGAGCGA-1
CTAGGTAGTCCTACGG-1
AGTCACACAAACTCTG-1
TAGGAGGAGCACCGTC-1
TACTGCCTCTTTCAGT-1
AGTTAGCTCTTACCAT-1
TAACTTCAGCTAAACA-1
TGTTGAGTCGTTTACT-1
TGCAGGCCATCCAACA-1
ATTATCCTCTCGGTAA-1
ACCTGTCGTTCCATTT-1
TATATCCAGGTGTGAC-1
GGACGTCTCTGGTCAA-1
CCTCAACCAAGTACCT-1
AACCTGACAACTTGCA-1
TCATGCCAGCCTGCCA-1
TGTAAGCTCACTCACC-1
TGATTCTTCCTGTACC-1
AGTAGCTTCCGAGAAG-1
GTGTTCCGTAATGCTC-1
CGTCCATCACTTCAGA-1
ATACCGAAGTCTGTAC-1
TACACCCGTTGGTGTT-1
AGTCTCCTCGATGCTA-1
GCGGATCTCAAGTAAG-1
AACAACCCACTCCGAG-1
TATCTTGCAGGCGTTC-1
AGGCTGCCATTGCCTC-1
GTGCAGCAGTCCCTAA-1
GTCGTAACACTGGACC-1
TACGGGCCAGAGTCTT-1
TAGGGTTCAACGGCTC-1
GAGACCCGTTGAGAGC-1
TAACGACAGCAACCAG-1
TACGGGCCACGCCACA-1
GAAGTAAAGGATGGCT-1
TACTGCCCAGCACCCA-1
ACGATCAAGCGTGTTT-1
CTTGATTTCTACAGGT-1
GCAGCCAGTAGTCTGT-1
GGAGGATAGCCTAACT-1
AACGAAAAGCATGCGA-1
GTTCTATGTGTCATTG-1
TATCCTAGTAGCGCTC-1
TACGGGCGTCTAGTGT-1
ACGTTCCCATTCATCT-1
AGTTCGAGTACCCGCA-1
AGGGCTCGTCATGGCC-1
GAGTGTTAGACCGCCT-1
TTCTTGATCTCGCTCA-1
TCGGGCAAGCTGGAGT-1
CATGGATAGGGACAGG-1
GATGGAGGTGACACGA-1
GGCACGTAGACTTCAC-1
GTGCTTCAGTTTCGAC-1
GGTCTGGGTAGAAACT-1
TGCGATACATTGCAAC-1
CACACAACAAGCTCTA-1
CAGTTCCCATGAATCC-1
AAGCCATAGTAGTCCT-1
GTCATTTGTTTAGAGA-1
CAGGTATGTAACATGA-1
ATTCAGGGTATGGTTC-1
GGTAATCTCCTACTGC-1
CAACGATAGTGTTGAA-1
AGTTAGCTCACACGAT-1
TTTATGCCAGGTAGTG-1
AGTCTCCGTGGCTACC-1
CTTACCGGTAGGCTGA-1
CTACCTGGTATGTCTG-1
TTCATGTGTGGTCTAT-1
AGGACGATCATTACCT-1
GAGATGGAGGTCCGAA-1
AGCGTATTCTGTCTCG-1
TGCTCGTAGTGCTCAT-1
GTAGGTTCACGCACCA-1
TTCTAGTAGGAAAGAC-1
CGAAGGATCACACCCT-1
CAGCAATGTATGGAAT-1
GTCTTTAAGTAATTGG-1
CACTTCGGTTGCTAGT-1
TCATGTTGTACCTAAC-1
CACTTCGAGCGTACGG-1
TTACGCCCAGCTTTCC-1
TTACGTTTCACTTGTT-1
CGCATGGAGCTTAGTC-1
TCTCACGTCTCGCTTG-1
CTACTATGTCATAACC-1
GTATTGGCAGCGTATT-1
CAAGACTTCACCATCC-1
TGATGGTGTGAGTTTC-1
GACGTTAGTTTGTTGG-1
GCCAGGTGTCACCGAC-1
CGCGTGATCGTTGCCC-1
TCCTCGATCACCGCTT-1
CTAACTTGTGGCTTAT-1
AAGTTCGAGTGGGAAA-1
ATCCCTGTCATTTACC-1
TCTTTGACACTACCGG-1
AATGGAAGTGCCGTTG-1
TATTGGGCACCAGACC-1
AAACCCATCCGTATAG-1
ATTCACTCAAGAGTGC-1
TTGAACGAGGGATGTC-1
ATAGACCGTCGTAATC-1
AGATAGAAGAAACACT-1
ACCGTTCCACTAGTAC-1
TTGCCTGGTTGTCAGT-1
CATTCCGCATCAGCGC-1
CCACAAAGTTCCTAAG-1
TGCTGAATCCGACGGT-1
TATATCCCAATACGCT-1
CTTCTCTCAGAGTGAC-1
ATTGGGTTCTAGACAC-1
AAAGGATGTGGCTGCT-1
ATATCCTGTGCCTACG-1
GTCGTTCAGGTACTGG-1
GGAGATGAGGTTAAAC-1
CTCCGATTCCGATTAG-1
TGGGAGATCTCATGCC-1
TCATTCACACGCGCAT-1
CGGAATTTCTATCGCC-1
TCAGCAAGTGACTCTA-1
TAGGTACTCTACTGCC-1
ACACGCGGTCGTAATC-1
ATCGTAGTCTGTCGTC-1
CCACCATTCTGCTAGA-1
ATTCAGGTCGAGTGAG-1
TTGACCCAGCTCGCAC-1
AGATAGATCAGGACGA-1
AAGAACATCCATTCAT-1
AGTAACCAGAGTTGAT-1
AACGTCACATCGCTGG-1
CTCATGCCATCATGAC-1
GATCCCTAGCGACTAG-1
GTGGCGTAGATAGCTA-1
TGTCCACCATCAGCGC-1
TTGGGATAGACGCTCC-1
TACCTCGAGAGCCGAT-1
CGTGTCTCAACTGATC-1
ACTGTCCTCTCCGATC-1
AAACCCAAGTTAGTAG-1
TGCTGAACATACTTTC-1
GCTACCTCAAGCGAGT-1
ACTTTCATCGCCGATG-1
CTGCATCTCATCGCTC-1
TACATTCCAAACTGCT-1
TGTTGAGGTAAGAACT-1
TAACACGTCACGAGGA-1
TAATCTCAGAATTCAG-1
TCCTAATGTAGCGCTC-1
ATCTCTAGTGAGAGGG-1
CTGGACGAGACTACGG-1
CCCTCAACAGTTCACA-1
TTCAGGATCACCTCAC-1
CCGGACAAGCACAGCG-1
TGTGAGTTCCATCTCG-1
TGACCCTTCAGTGTGT-1
TCCTGCATCGGTAGGA-1
TTACGTTAGGCTTAAA-1
CTGTCGTCAGAAGTTA-1
ATTTCTGCAGCTGTTA-1
GCCATGGGTCGTCAGC-1
CCTCATGTCCGCGATG-1
TCCTGCATCCTTGGAA-1
TAGAGTCGTGACTCTA-1
CTCCTCCTCTGGCTGG-1
TCATTACTCGCCTTGT-1
GTGGAAGTCGAACGCC-1
CCACCATGTAACAAGT-1
TGACCCTTCGTTCATT-1
TGCAGATGTCTCTCAC-1
AAGCCATAGACCCTTA-1
ATCGATGCACGCGCAT-1
TCCCAGTAGACTACCT-1
ATACTTCAGTGCACTT-1
ATGAGGGAGATACCAA-1
GGCGTCAAGGCTCCCA-1
AGAGCAGCAATAACCC-1
GCACTAAAGCTGGTGA-1
GTGACGCGTTGGAGGT-1
CATTCTAAGACTCGAG-1
ATTGTTCTCAGAACCT-1
CTGGTCTCAATGTCTG-1
TCCTCCCAGATCCGAG-1
CGAGGCTCATACCAGT-1
GCCATTCCAGTCGTTA-1
TCATCCGCACGACGCT-1
TACGCTCCAAGCGAGT-1
GATCATGCAGCGGTTC-1
ACTACGAGTTGCCGCA-1
TACTTCAGTGTCCGTG-1
CAAGGGATCAACCGAT-1
ACTGTGACACCCGTAG-1
ATTGGGTGTTAGTTCG-1
AAAGTCCTCCGTCACT-1
ATGAAAGCAGTTCACA-1
CTTACCGCATCATGAC-1
TCGATTTGTAGTCTTG-1
ACGGAAGGTTCCTTGC-1
GTGCTTCAGACGGTTG-1
CGTTGGGTCAAGCCTA-1
TGTGGCGTCTCCGAAA-1
AACCAACTCAACACGT-1
AACCACACAGCGGATA-1
AGATCCATCCGTGACG-1
CTCACTGCACTCCTTG-1
TCAGTTTGTATTGAGA-1
TCGCTTGCATGACTGT-1
CACTTCGAGCAGGTCA-1
ACCTACCTCACATCAG-1
GATTCGAGTAGGTTTC-1
CTCCCAATCTGGCCTT-1
TCCTTCTAGCACACCC-1
CTTCGGTTCGAACCTA-1
AGCCACGGTAATCAAG-1
AACGAAAAGTGGTGGT-1
TAATCTCTCCCAATAG-1
GGCTTTCCAGACACCC-1
CATCCACCATAATCCG-1
ATCCATTGTGCCTACG-1
CTGAGGCCATCCCGTT-1
GGAGGATGTACCTGTA-1
GGTGGCTCACTCCGAG-1
CCGTGAGCAAGCCATT-1
CATACAGCAACTCGTA-1
TCATCCGGTGCATCTA-1
TTTACCACAGCATGCC-1
AATTTCCTCTGGCCTT-1
ATTCACTGTTCTCTCG-1
GTTGCTCTCGACGCTG-1
AAAGGATCATGATCTG-1
ATTCCCGTCTCGTGAA-1
ATCGATGTCTCCGAAA-1
CGAAGTTCAGTGGTGA-1
CGGGACTCAACCACAT-1
AACCATGCAGTCGCAC-1
GCCCAGATCCTGGGAC-1
TGTGATGCAAGCTGCC-1
TTGGATGCATGGGATG-1
AGCGATTTCGTTACCC-1
TATACCTTCGTCGCTT-1
GCCTGTTAGCACGATG-1
TCCGATCAGGGTCACA-1
GTGGGAAGTTAGAAAC-1
GGTCTGGTCCGACGGT-1
AGTCACATCGAGCTGC-1
CATCCGTAGAGGATCC-1
ATTCACTTCAGCTCTC-1
AGATGAAAGCTACGTT-1
ATCACGACACTGTTCC-1
ACGTAACCAAGGAGTC-1
TATCCTAGTCGCAGTC-1
ACCGTTCCAATTGGTC-1
CCTAAGAGTCGATTAC-1
ATTCACTAGCGTTACT-1
ATTCCTATCTGTTCAT-1
CTGCCATAGTACAGAT-1
TCGTCCATCTGCAGCG-1
TAGGTTGGTACCGCGT-1
TAGACCACACAAAGTA-1
TGATTCTTCACCTTGC-1
GCCAGCATCTTGGGCG-1
CATTCTAAGGTAGATT-1
TAGACTGGTCTACGAT-1
TGGTACAAGTTAGAAC-1
TCGTGCTAGTAGGATT-1
AGTAGCTGTGCATTAC-1
GATGATCAGTGTGTTC-1
AGGAATATCCGCACTT-1
TTAGGCAGTCTCGGGT-1
AGAACCTTCAACTTTC-1
GTTACAGCATGACGGA-1
GCACATACACAGTGTT-1
CCTCCAAAGCTCCCTT-1
TATACCTTCGACGAGA-1
CCGTAGGTCGCGTGAC-1
GAACGTTTCACACGAT-1
ACGGAAGCATATACCG-1
ACACTGATCCAAGGGA-1
GTTACAGTCCGTTGGG-1
GCCGATGTCTTACCAT-1
TCGAAGTGTGTCTCCT-1
TAACCAGTCTAGACAC-1
CATGCCTTCTGTGCGG-1
TTCAGGAGTGTCTCCT-1
TTCATTGCAGATTCGT-1
CGACAGCCACGTCATA-1
GATCATGTCGTTGCCT-1
TGACAGTTCTGCACCT-1
TACGTCCGTTTGTTCT-1
CATTTCACACCGTCTT-1
ATTCATCAGTGAATAC-1
CAACCAAAGGAATTAC-1
AGTAACCCAATGTTGC-1
TATTGCTAGAAGTGTT-1
ACACCAACACCGCTGA-1
AAGTTCGTCCGTGTAA-1
TCATCATAGTTGGGAC-1
ATCACGAAGGTTCACT-1
CAGCAGCGTACGGGAT-1
CCCTAACAGGAGACCT-1
TGACGCGAGAGTGGCT-1
TCAATTCCAGTGCCTG-1
CAGAGCCAGCATGCGA-1
CATACCCTCTCCAAGA-1
CATAAGCCACCTGTCT-1
GAGTTACCACATACTG-1
CTGCGAGAGAAGCCCG-1
GGAGAACTCCACAGCG-1
ACCCAAACACTACCGG-1
CCAATTTTCCAAGGGA-1
AACGGGAAGTGGATTA-1
AGGCATTGTAAGGAGA-1
TGGAGAGGTATACCCA-1
TCATTTGTCTACCAGA-1
CCGAACGCAGAAGTTA-1
TGATCAGCAAGCAATA-1
GTGTCCTGTCCCGTGA-1
GGGATGACAAACCATC-1
ACTGTGACACACCAGC-1
GGATGTTTCGGATACT-1
CCAATGATCACTGCTC-1
GTTAGACTCAGCAGAG-1
ACTTATCTCGCTATTT-1
CCACTTGCATGCCGAC-1
TCCCACATCGTAGCCG-1
GGAACCCCAGCCGGTT-1
GTCACTCAGCATTTGC-1
GAAGCGACAGCTTCCT-1
GAGGCAATCCGTAATG-1
ACCTGTCCATACGCAT-1
TGCGGCATCCTAAGTG-1
TGTCCACTCTTTGGAG-1
TCTCTGGGTGATGGCA-1
CTACATTCACTGCATA-1
AAGTGAAAGCTGCCTG-1
ACCAACACAGCCCACA-1
TGTGATGCAGTTCACA-1
AGTAGCTCAATCACGT-1
CAGATTGAGCCTTCCC-1
CATCCGTCAGAGATTA-1
ATGACCATCCAGCACG-1
GGGACTCCAGGCTTGC-1
TTCTTCCTCGTTAGAC-1
GAGAAATAGCAGAAAG-1
AGTACTGCAGTAGAGC-1
CGCAGGTGTCTACACA-1
GTGAGTTGTGGATGAC-1
GTGAGTTTCTGCTGAA-1
CGTTGGGTCCTAAGTG-1
CATCAAGAGTTGCTCA-1
TGTGAGTTCTCAAAGC-1
CTCTCAGCATGACTGT-1
AGACAGGTCGACACCG-1
CTGCCATAGGTAAGAG-1
AATTTCCTCACATACG-1
ATCGGATTCGACGATT-1
TCAGCCTTCGTTCTCG-1
GTAATGCGTCGACTTA-1
CATTGTTAGTGCCAGA-1
CCCTCAAGTCGCTTAA-1
AGGGTCCTCAACACCA-1
AGGCTGCGTTTGGCTA-1
TGTCCTGGTGATCATC-1
GATGGAGAGCTGGCCT-1
GTGCTGGGTTCCTAGA-1
CCCTCAATCAACCTTT-1
CACATGATCAACTACG-1
ATCGATGTCATTGGTG-1
AGAACCTAGCTCGAAG-1
CCGGTGATCAACCTCC-1
GTAGCTAAGATGGTAT-1
AGGACTTTCTCCACTG-1
ACGGAAGTCCATACAG-1
CACAACAGTCCATAGT-1
TGCATCCTCACTGGGC-1
CGAGTGCTCAGTCTTT-1
GAAATGATCATCTGTT-1
AGCGTATGTGGCTTGC-1
GCTGAATGTATGGGAC-1
TCATATCAGTCCGCGT-1
TTTCAGTGTCCTTTGC-1
CTGAATGAGCCAGAGT-1
AAGTACCTCTGGACTA-1
GAAGTAAAGAAGTCCG-1
TTCCGGTTCGGTTCAA-1
CTACCTGTCAACCTTT-1
GTTGTCCGTGAAAGTT-1
CCCAACTTCGCCTTTG-1
TGTTACTCATCTGGGC-1
CATTTCACAACGGCCT-1
GTAGAGGGTGTGTGTT-1
CATCCCAAGTCATTGC-1
TACGTCCCACCAGGTC-1
CGGACACAGACTCTAC-1
ATCGATGCATGAAAGT-1
CGATCGGAGTTGTACC-1
CTTACCGCATGACGGA-1
CTTCCTTTCGAGTCCG-1
CAAGGGATCTCATGGG-1
TCCCAGTTCATCGCTC-1
TTCCGTGTCCACGTCT-1
ACCATTTTCCTCGCAT-1
CCTCCTCGTGACCGTC-1
ATATCCTAGAGTACCG-1
CTACCCAAGTACCATC-1
CCTCCAATCTCGACCT-1
AAAGGTAAGGTCCAGA-1
AGACCATGTTAATCGC-1
GCGATCGAGCAATAAC-1
TTACGTTTCATTGCGA-1
CACTTCGGTACGTGAG-1
TCTCAGCCACTTGAAC-1
TACCGGGGTCGTCGGT-1
CAGTTAGTCTTCGGTC-1
CAACCTCAGGATGCAT-1
TGATCAGAGTGCTACT-1
ACCCAAAGTGACCGAA-1
CCTGCATTCCATACAG-1
TTCCTCTCAGCGCGTT-1
TATATCCAGAACCGCA-1
CATGCTCCAGCGTGCT-1
ACCCAAACAGACGATG-1
TGAGGTTTCTGCGTCT-1
ATACCGAAGCGGATCA-1
TTCTGTACAACCAATC-1
GCTTTCGCAGTCTCTC-1
GACTGATGTGAACGGT-1
GACCGTGGTACCACGC-1
TTAGTCTCACTTCAGA-1
ATGACCACATCAGTGT-1
GTAGGAGTCGCCAACG-1
GTGAGCCGTAATGCTC-1
ACTACGACAGCGTTTA-1
GGTCTGGTCTGGGAGA-1
GGTTAACCATCGCTGG-1
TCACTCGAGAACTGAT-1
GGAATCTCATGATAGA-1
ATTCCCGCATGAGAAT-1
TAAGCCAAGAAGGTAG-1
TCACTCGAGCAAGCCA-1
AACTTCTGTGGATCAG-1
GTTCGCTAGATGGTAT-1
ATGGGTTGTTCCACAA-1
GTGTAACCACTCTGCT-1
GAGTGAGGTCATTCCC-1
TTCATGTTCAGATGCT-1
GAATCACCACGGCCAT-1
ATATCCTTCCGTACGG-1
AAGCATCTCTCAACCC-1
TGTAAGCCAACACAGG-1
GTCACGGCATGGTGGA-1
GAGCCTGGTGATAGTA-1
GCACTAACAAACCACT-1
AGATCCAAGGTAGATT-1
AGACCATCAGATTAAG-1
GCTTTCGAGTCTCTGA-1
TTCCAATTCACCTACC-1
CCTTTGGTCACCTCAC-1
GTCCTCACATGGTACT-1
GGGTGTCCAGACTCTA-1
ATGGGTTTCCAAGCAT-1
GGGTTATGTCAGTCTA-1
GCTGCAGCACTGAGGA-1
CGCGTGATCATTACCC-1
GGACGTCCAGTGACCC-1
TTTCATGTCGCATTGA-1
ACCTACCTCGAATGCT-1
AAACGAACAGCGTTGC-1
AATGCCAAGGTTCTTG-1
AAGTTCGGTGTTGCCG-1
GAAGAATAGAGGGTGG-1
GTGTTCCTCCTATTGT-1
TGACCCTGTGGATACG-1
CACAACAAGAGATCGC-1
CACAGGCTCGTGACTA-1
TCAGGGCAGTGTACAA-1
TTCATGTCACATAACC-1
GTTGTGAGTAGTCTGT-1
ACTCCCATCTTAGCAG-1
GATTCGAAGAAGGATG-1
GCAGGCTCATCGATAC-1
GAAGGGTAGCTGACTT-1
GAGGCCTTCCACACAA-1
AAGCCATCAGCGTAGA-1
TTTGTTGGTACCAATC-1
GGGTCACAGCTGAGCA-1
ACCTGTCTCCGTGGCA-1
CAGATTGAGATGACAT-1
GTGGCGTCAACCAATC-1
GGGTAGAGTAACCCGC-1
TTCAGGAAGCCTCTTC-1
TTGCTGCCAATGACCT-1
GCACGGTTCATCGACA-1
ATAGGCTCAGCTTTGA-1
GTGTAACGTGACTCTA-1
CAGCCAGTCAGACCGC-1
CTATCCGTCTTAGCTT-1
GATTCTTGTCCAGTTA-1
GCTTGGGTCTACGCAA-1
TTCCGGTAGTAGTGCG-1
GTTACCCCACTATCGA-1
TCAGTTTGTGTACATC-1
TATTCCATCCCTCAAC-1
CGTCCATGTAACATCC-1
GAGTTTGAGGCCTTCG-1
TTGGGCGCATCCGAGC-1
TGACGCGTCTTGCAGA-1
GGCAGTCAGCCTCGTA-1
GAAGTAACACAAATCC-1
TACCTGCCATCGATGT-1
GTACAGTCACATACGT-1
TCCGAAAAGCGACAGT-1
GCGATCGAGCGCGATG-1
ATTTCACAGTCCTGCG-1
GATAGCTGTGTAGCAG-1
ACCAACAGTTTGGCTA-1
AAAGTCCAGACATACA-1
CAGATTGTCGTAGCTA-1
TCCTCCCTCTGTCGCT-1
ATATCCTAGCCTCCAG-1
CTGGACGGTCGTCAGC-1
GTCCACTTCTGCCCTA-1
CGTGCTTAGGCCATAG-1
AGTGATCTCGGATACT-1
TATACCTAGAGAGCAA-1
GACCTTCTCTTGTTAC-1
GTGTTCCTCTAGGCCG-1
TGATCTTAGGATACAT-1
TGTCCACTCCGTGGCA-1
GACACGCAGTCTCGTA-1
TTATTGCGTCTTCAAG-1
TTTACTGGTAGACTGG-1
TCGTAGAGTCTTCTAT-1
TGTTACTCAACAACAA-1
AAAGTCCCAGTTGTTG-1
CATTCCGCAGAACTAA-1
TCAAGCATCAACCGAT-1
CCCATTGGTGCGGCTT-1
CATTGTTGTGCAGGAT-1
GTTGTGAGTGTGTGGA-1
TTCACCGTCACTAGCA-1
GGGTGAACAAGCCTGC-1
CCCAACTTCAAATGAG-1
AGATAGACAAGCGAAC-1
GAGAAATTCCTCTTTC-1
TCATGTTTCGTGTGAT-1
GCCTGTTAGTGGACGT-1
ACGATGTTCGTCGATA-1
CCTCTCCCAGCTGAGA-1
CCCAACTTCAGACCTA-1
TCACGGGCAGGGAATC-1
ACGGTTACAAGCACCC-1
TTCTGTATCCTGTAAG-1
CCCTGATCAATTCTTC-1
ATTCACTTCCTCACTG-1
CTGCAGGGTTCAGCTA-1
ATAGACCGTGTCATCA-1
CCTTCAGTCTGTCCGT-1
CTGAGGCTCTAGACCA-1
TCACGCTCATGAGTAA-1
TCTACATTCGAGCCAC-1
CAATGACGTTTCAGAC-1
GTAGAAAGTTATGTCG-1
GGTTGTAAGGCCTTCG-1
GCTGAATCAGTCACGC-1
AAGAACAAGAGTATAC-1
GAGTCATCAAGAAATC-1
GTCACTCGTAGAAACT-1
AGGAAATAGTACAACA-1
TTGGGCGGTTCTATCT-1
GTGGCGTTCCAGCCTC-1
GGTCACGAGTACAGCG-1
ATGGGTTCAAGGAGTC-1
CCTACGTTCTTGGGCG-1
CGACAGCCATACTGAC-1
GTAACCAGTCGAACGA-1
GGATGTTAGATGTTCC-1
GGTAACTCACTTGGGC-1
CACTGTCGTACTCCGG-1
ATCATTCAGGGACCAT-1
CCTCAGTTCCTGCCAT-1
CCTCATGCATCTTCGC-1
GACTCTCTCAACTCTT-1
GGGAAGTTCAGCGCAC-1
CAAGGGAAGCATGCAG-1
GTCAAACAGCCTCACG-1
GAGATGGCATGGCTGC-1
TCCTCTTAGCTATCTG-1
AATGAAGCACATCCCT-1
TTTACCAGTAGCTGTT-1
TGTTGAGGTAGCACAG-1
CCTGTTGCACTACCGG-1
GTCCCATGTATTGACC-1
ACTTATCAGTACCGGA-1
TTCAGGAGTTAGAAAC-1
ACCTACCGTATAGGGC-1
AGTTCGACATGGCTGC-1
GAGAGGTCAGCTTTCC-1
TCTACATGTCCTCAGG-1
GCCCGAAAGAAGTCCG-1
TTTCATGGTACGAAAT-1
AATAGAGCACATCATG-1
TCAATCTAGGACAGTC-1
CTGTATTAGATCACCT-1
TGTTGGAGTGTATTCG-1
TTCAATCGTGTTTGCA-1
TCGGTCTAGCCTATCA-1
GCTGGGTCATCCTCAC-1
CCCTAACGTGCTTATG-1
CCGGGTAAGCTGGCCT-1
AGTGACTCAGAAGTTA-1
TTCCGTGGTTCGGCGT-1
GGTAATCGTCACTAGT-1
TCATTCACAAGACAAT-1
AGTTCGACACCAAATC-1
AGAGAATGTAACGATA-1
GGGTAGAAGTGGCCTC-1
TTACCATTCTAATTCC-1
CCTCTCCGTGTGCCTG-1
CACTTCGAGGTGCGAT-1
CCATAAGAGCCGTTGC-1
CGGGTGTAGTAGCATA-1
GCATCTCTCTGGACTA-1
CACGTTCTCCCAGGCA-1
TGACCCTGTTGTACGT-1
AAGTTCGCACCTGATA-1
CGGTCAGTCCACAAGT-1
TCACTATCACGTACTA-1
TTCTCTCTCCCTCTCT-1
GTTACCCAGTCAAGCG-1
AACTTCTCATGGAAGC-1
GATCCCTGTTCAAGTC-1
TGGTGATCATAGCTGT-1
CATTGTTGTCGTACTA-1
GGGTAGACAGCGTATT-1
CGTTCTGGTACGTACT-1
GAAGTAATCCGTATGA-1
TGTTACTTCGGACTTA-1
TGGGCTGCATGACTGT-1
TATGTTCAGTCCGCCA-1
CAAAGAACACCGCTAG-1
TTGGGTACACGCTGCA-1
TAAGCCACAACGAGGT-1
TCCATGCTCGAATCCA-1
GATTCTTGTAGTCGGA-1
ATCGGATAGTGTAGTA-1
TTGGGCGCATTGCCTC-1
GTTCGCTCACCTCTAC-1
AGTACCATCCATCAGA-1
AACCACACATCATTTC-1
GCCCGAACATTCAGCA-1
CATGGATGTATCCTCC-1
GCCAGCAAGTCACGAG-1
AGCCAGCAGATGCGAC-1
AGTCATGTCATCTCTA-1
AATCGACTCCTAGCCT-1
ATCCCTGTCTAAGGAA-1
CCCAACTGTACACTCA-1
TACCCGTCATGAATCC-1
TCTTAGTTCAGAGCGA-1
AAGCATCGTCTACGAT-1
AGGTGTTGTCAACATC-1
GAACTGTGTCACGTGC-1
GTTGCGGTCAGAGCAG-1
TGCTCGTTCGCCGTGA-1
AATCGACTCAGGGATG-1
CTGCTCAGTATGGAAT-1
CACTGTCTCCCGTTCA-1
ATGAGTCCATAGATCC-1
CAATGACGTTGCTTGA-1
GGGTGTCTCTGGCCAG-1
TCGCTCAGTCGAGTGA-1
CGTGTCTGTCCGGTCA-1
CGGTCAGTCAAGAAAC-1
AGTACTGAGCGTATAA-1
ATTCTTGCACAGGATG-1
CATAAGCCACACCGAC-1
ACATCCCAGCGCCATC-1
GAGGCAACAGAATCGG-1
AAGAACACAGGTGTGA-1
TGCAGTACACGTGAGA-1
AATTTCCGTTGTCTAG-1
GAGTTACCAGCTCGGT-1
AGAACCTGTCACGACC-1
CGCATAATCGTGTGGC-1
GCCTGTTCAGCTGTCG-1
CAGCAATAGCAGCCCT-1
TCGTGGGGTTGGACTT-1
TGCTCCATCCCTATTA-1
ACCTACCCAGGTCAGA-1
GCTTCACTCACATCAG-1
GAAACCTAGCGTTACT-1
ACTATTCGTCAGACTT-1
ATGGAGGGTCGATGCC-1
GGGCTACAGTTTAGGA-1
AATTCCTTCTTACCGC-1
CCGAACGCAATTGCTG-1
CACTGTCTCGGCTTCT-1
CAAAGAACAAACGTGG-1
GGTAGAGGTGTTCCTC-1
AAAGTCCAGGAGAATG-1
TTACTGTAGGTGCCAA-1
CTGCCTAAGGGAGATA-1
TGGAGAGCACACCTGG-1
CTGGTCTAGCGCCCAT-1
GACAGCCTCCGGACGT-1
ATCGTCCAGAACCGCA-1
GGTGTCGAGACCAACG-1
CTGCCATCACTGTCCT-1
CGGCAGTTCATAGTGT-1
CCTCAGTCACAGTATC-1
ATTTCTGAGTCGTCTA-1
CTGCTCATCATCAGTG-1
TTCCTAACAACTGCTA-1
GCAACATAGAGGTGCT-1
CATCCGTGTATCAGCT-1
CAGATACGTCTACGTA-1
TTACTGTCATTGTACG-1
TCATCATGTAATGTGA-1
TTTGATCCACACGGAA-1
CTGCATCCAGCATTGT-1
GCCGATGAGAGGATCC-1
GATGTTGAGATCCGAG-1
AACCTGAAGTTGTCGT-1
TTCCACGTCACAGAGG-1
GTCATTTTCGGTGAAG-1
TGCTCCATCCGTATGA-1
AAGCGTTTCGTGGAAG-1
ACTGATGCAATAACGA-1
GTGTGATGTCGTAATC-1
AGGTCATAGATGTTAG-1
CTCCTTTGTGTACGCC-1
CTGATCCGTAGCTCGC-1
CATCGTCTCCCTCTTT-1
CTGGACGGTATCGATC-1
GTAGGAGGTTATCCAG-1
ATGGGAGGTTCCGCGA-1
ATGGTTGAGCGGACAT-1
GTTGCGGAGGCCACTC-1
CTACATTAGGCCCAAA-1
TTCCTTCCAATCGCAT-1
TTGGGATGTTCCTAAG-1
AGGGTTTCATTCTCTA-1
ATATCCTAGCAGCACA-1
AGAACAATCGTTCATT-1
GTAACACAGACTTAAG-1
ATGCATGTCATCCTAT-1
TACGCTCGTTCGGTTA-1
CTCTGGTTCTGCCTGT-1
CATACCCTCAGTCTTT-1
ATACCGAGTCATCCCT-1
TCCTGCACAGCAGTTT-1
TGCTTGCCACACCGCA-1
ACGTTCCCAGGCCCTA-1
ATCGTGAGTACCCGCA-1
TTAGTCTGTGACTATC-1
CTCCTTTCACGCTGTG-1
CATCAAGTCTTGAACG-1
TGTAAGCCAGTGGCTC-1
GTTGTGAAGCTGAAGC-1
ACGGGTCAGTATGGCG-1
TACCGAACAACTTGCA-1
CTTAGGATCTTAGTTC-1
GATAGCTCAAGGTTGG-1
CTGTAGACACCTGAAT-1
TCGGGCAGTGCGACAA-1
AGGAAATCAGGTTCGC-1
TCAGCCTTCTAACGGT-1
GTGCACGAGATGCTTC-1
GAGGGATCAGTTTCGA-1
GACACGCGTAGCTTGT-1
TGAATGCTCCGTGGTG-1
CTCAAGAAGTGTTCAC-1
TAGAGTCGTGGGCTTC-1
CCCTGATGTATTGAGA-1
CAATGACAGTTGTACC-1
GGTTGTATCAGTCAGT-1
AGCATCAGTCTTCATT-1
TGATGGTTCTGGCCTT-1
CTACGGGGTCAACCAT-1
GTCCTCAAGGCTCTCG-1
CTCCACAAGATTAGAC-1
AAGTACCGTCACGTGC-1
GTCGAATTCGACATAC-1
CCGCAAGAGGATTTAG-1
ATCGTCCGTAGAGGAA-1
TCGTAGAAGGGATCGT-1
CAAGACTGTTTGCCGG-1
ATCCATTGTCGCATCG-1
GCAGTTATCGAAGAAT-1
AGGAGGTAGTGTTCAC-1
CCGCAAGGTACTTCCC-1
CTACATTAGAGTCTGG-1
TTGCATTAGTCTTCCC-1
CTGTACCCACACCGCA-1
CTAACTTTCGCTTACC-1
ACTATGGTCGAGAAAT-1
GTGTGATTCGGCTCTT-1
GTAGCTATCTCTTCAA-1
ATGCGATCACCACATA-1
TAGGTTGCAGGGCTTC-1
CAACCTCAGGCCTTCG-1
CCGAACGAGCATGATA-1
AGTCACAGTTTATGCG-1
GCTGGGTAGCACTAGG-1
TTCCGGTAGTCTTGGT-1
CTTAGGAAGAGAGCGA-1
TTCATTGAGTACGTCT-1
CTCCCAAGTCCCTCAT-1
CTGTCGTAGGAACTAT-1
CATGGATTCAATGTCG-1
TGTAAGCAGCCGAACA-1
GGGACAAAGTATGGCG-1
CCACTTGAGTCGAATA-1
ACTATGGGTCGCAACC-1
GCAGTTAAGACACACG-1
TACTTCACAACTGGTT-1
CCCTTAGTCACGGGAA-1
CGCATAATCATCTGTT-1
GACATCATCGAGATGG-1
GGGACAAGTCCCGTGA-1
CGTCAAACAGAATCGG-1
TGCTGAACAACCTAAC-1
GCAACCGAGCCTCTCT-1
GTCTCACTCTCAGTCC-1
AGTCTCCTCTAAGAAG-1
ACCACAACATGCCGGT-1
AATGGAAAGGCCACCT-1
TTTCATGAGACTGTTC-1
GGTGGCTCAGCAGTTT-1
AACGGGATCATAGGCT-1
GGAACCCTCTATTCGT-1
CAGGCCAAGTTGAATG-1
AAGCGAGGTCCTGTCT-1
ATTTCACGTCTACAGT-1
TGTGAGTCAACCGATT-1
ATTACTCCAACCCGCA-1
CTTCGGTTCTGCCTGT-1
CTCCTCCAGCAGCCCT-1
ACTGCAACAGATCATC-1
GTGTGATGTCCTGGTG-1
ATCCACCCAGCCTACG-1
ATGAAAGTCGTGCTGA-1
CTCTCAGGTTGCATTG-1
GAAGGGTGTAGCTTAC-1
TTTGATCGTCTAACTG-1
GTCGAATAGTTCCATG-1
AACGGGATCATCTATC-1
CCCTTAGTCGACATCA-1
GTCAAGTCAGCTACTA-1
TTGGGCGTCATTTGCT-1
TGTTACTCAAATGCTC-1
TGAGCATGTGTGGACA-1
AGGATAAAGCCTCATA-1
TTTACTGCAAGCAATA-1
CATCGTCGTATCTCGA-1
CACACAACACTGTCCT-1
CTCACTGCAGCAGATG-1
CTCAGGGTCGCTGATA-1
CCGGGTAAGAATAGTC-1
TCTATCACATCCTTGC-1
CCCAACTCACCAAAGG-1
GCGGATCGTCTGCATA-1
CGATGCGTCCTCGATC-1
GTTATGGCAAGTGATA-1
ATCCGTCTCTGCGGAC-1
ACTTAGGGTACGATTC-1
CTGCAGGAGGGAACAA-1
ACCTACCAGCCTGACC-1
GAAGGGTCAGTATACC-1
GGGTTTACAGACGCTC-1
GTAACCAGTAGTAAGT-1
TCATCATGTGAGTTTC-1
CATTGCCAGCCGGATA-1
GAAGAATCACGACCTG-1
CTCCTTTAGTTGGAAT-1
ATTTCTGCAATTCACG-1
CGTTAGACATAGGCGA-1
TCGACGGCAACTGGTT-1
GGGCTCATCTCTCTAA-1
AGGTCTAGTAATGCGG-1
TTGCTGCCAGCCCACA-1
TCCGTGTGTTTACTTC-1
GCATCTCGTAACGGTG-1
GCATGATTCAACCCGG-1
CACGTGGGTACCGTCG-1
TTGAGTGGTTATGTCG-1
TGGGATTTCACACCGG-1
CATGGATCACATGGTT-1
AGCGTATAGTGCCTCG-1
TTTATGCTCATTATCC-1
GATTCTTTCCACAGGC-1
CATCGTCGTTGCAACT-1
TGATTTCAGTAGTGCG-1
ACGTACATCAGCGGAA-1
GACCCTTGTCGTCGGT-1
TGGGCGTCATGGGATG-1
GTTCGCTGTTCGATTG-1
TTGAACGAGTGCTACT-1
CAACCTCAGGTAAGAG-1
CTGCTCATCTACACTT-1
TCCTCTTTCAGCGCAC-1
TTCTCTCGTACAGAGC-1
GACTATGGTACCTAGT-1
TGATCAGAGGGCAGAG-1
TGCTCCACACGGTAGA-1
TGAGACTCATAGGCGA-1
CTCATCGTCGATACAC-1
GGGACCTCATCCGAAT-1
GGATGTTCAGGTTCGC-1
CCGAACGCACTACCGG-1
CCTCCAACACATAGCT-1
GTGAGCCGTGACTGAG-1
CTCAGAAGTCATCACA-1
TGAACGTGTTATTCTC-1
CGGGTCATCGCAGAGA-1
TCCCAGTCATCCTAAG-1
GGGTAGAAGCGCTGCT-1
CTGCAGGCAGCCGTCA-1
AGCCAGCTCACCGGGT-1
TCGCAGGCAGTCTCTC-1
TTGATGGGTTGCTCGG-1
CTGCATCTCCAGCTCT-1
GAGTTACCATCATGAC-1
CTCCAACAGTCTGCGC-1
CACGAATTCCAATCTT-1
GGTTGTAGTGTATTGC-1
ATGGAGGAGCTGTACT-1
CGACAGCAGTCGCCCA-1
TGAGGAGGTCGGTGAA-1
CTCTGGTCACGGTGCT-1
TTGGGATCATCAGCTA-1
GAATCACGTGACTGTT-1
GTGGAGAAGCGACTAG-1
AGATAGACAACAGATA-1
GAGTTACCAGGCCCTA-1
GTGGTTAAGTTAACGA-1
ACCCAAACACGTAACT-1
ATTCACTTCTGAGAAA-1
TTCTTGACAGTTGTCA-1
TCCTGCACATGCACTA-1
AGTCTCCCACAGTCGC-1
TGGATGTTCTCTGACC-1
TTACCATCAGCGACAA-1
AGTCTCCGTCTTCTAT-1
GGAATCTTCACCATAG-1
ATCTTCAGTATACGGG-1
GGGTGTCTCAGAATAG-1
CACACAACAACAACAA-1
ATATCCTAGTGACCTT-1
CCGAACGAGCCGGAAT-1
ATTTCACGTCATAAAG-1
TACGGGCTCGCGTCGA-1
AGTCAACTCTTTGATC-1
CTATAGGAGTCAACAA-1
GTGTGGCAGTCCCTAA-1
ATGCCTCTCTTCTAAC-1
TGCTGAAGTGGCTGCT-1
AAGGAATAGCTAGTTC-1
CCGAACGGTCTGTTAG-1
TTACGTTGTCATGCAT-1
AGCTACACAGTTAGAA-1
CCCTCAAAGGTAGACC-1
ATACCGATCGCAGTCG-1
TTCCACGAGCATGATA-1
GATCCCTAGTTCACTG-1
ACACCAACACTTGTCC-1
GTCTTTAGTGTCGATT-1
CCGGTAGAGCCGTTAT-1
ATCCCTGTCGCTATTT-1
GAGTGTTCACTACAGT-1
GACCCAGTCGCTATTT-1
AGCGCTGCACAGTCGC-1
GCTGAATAGACAGTCG-1
GTTACAGTCGCGTGCA-1
AACCACAGTCGCTTGG-1
AGGTCTAGTGTCGATT-1
TGTTCCGTCAAGTCGT-1
TGTACAGAGGACGGAG-1
AGGGTGAGTCGCTTAA-1
GGGATCCTCACGGTCG-1
CATACAGTCGGTTCAA-1
AGGGAGTAGAGGCGTT-1
AGACCCGGTCGCTTAA-1
TGTGATGGTCTCGCGA-1
TGTGATGTCCGGACGT-1
